2 3 4 5 15 6 7 8 9 10 1 12 23 13 24 16 17 18 19 20 11 21 22 35 45 25 27 28 29 30 31 32 33 0 14 26 37 38 39 40 41 42 43 34 44 36 47 48 49 50 51 52 53 54 55 46 57 58 59 60 61 62 63 64 65 56 66 67 68 69 71 72 73 74 75 76 77 78 79 70 81 82 83 84 85 86 87 88 89 80 91 92 93 94 95 96 97 98 99 90 
1 2 3 4 5 6 7 8 9 10 11 12 13 14 15 16 17 18 19 20 21 22 23 24 25 26 27 29 39 30 31 32 33 34 35 36 37 28 40 0 41 42 43 44 45 46 47 38 49 50 51 52 53 65 54 56 57 48 59 60 61 62 63 55 66 75 68 58 69 70 71 72 73 64 74 76 67 78 79 80 81 82 83 84 85 97 77 87 88 89 91 92 93 94 95 86 96 98 99 90 
1 2 3 4 5 6 7 8 9 10 11 12 13 14 15 16 17 18 19 20 21 22 23 24 25 26 27 28 29 30 31 32 33 34 35 36 37 38 39 40 41 42 43 44 45 46 47 48 49 50 51 52 53 54 55 56 57 58 59 60 61 62 63 64 65 66 67 68 69 70 71 72 83 74 0 76 77 78 79 80 81 82 84 73 75 85 86 87 98 90 91 92 93 94 95 96 97 89 88 99 
1 2 3 4 5 6 7 8 9 10 11 12 13 14 15 16 17 18 19 20 21 22 23 24 25 26 27 28 29 30 31 32 33 34 35 36 37 38 39 40 0 41 43 44 45 46 47 48 49 50 51 42 52 54 55 57 67 58 59 60 61 62 53 63 64 65 56 68 69 70 71 72 73 74 75 66 77 78 79 80 81 82 83 84 85 76 96 87 88 89 91 92 93 94 95 97 86 98 99 90 
1 2 3 4 5 6 7 8 9 10 11 12 13 14 15 16 17 18 19 20 21 22 23 24 25 26 27 28 29 30 31 32 33 34 35 36 37 38 39 40 41 42 43 44 45 46 47 48 49 50 51 52 53 54 55 56 57 58 59 60 61 62 63 64 65 66 67 68 69 70 71 72 73 74 75 76 78 88 79 80 81 82 83 84 85 86 87 77 99 89 91 92 93 94 0 95 96 97 98 90 
1 2 3 4 5 6 7 8 9 10 11 12 13 14 15 16 17 18 19 20 21 22 23 24 25 26 27 28 29 30 31 32 33 34 35 36 37 38 39 40 41 42 43 44 45 46 47 48 49 50 51 52 53 54 55 56 57 0 58 60 61 62 63 64 65 66 67 68 59 70 71 72 73 74 75 76 77 88 69 80 81 82 83 84 96 86 97 79 78 90 91 92 93 94 85 95 98 87 89 99 
1 2 3 4 5 6 7 8 20 19 11 12 13 14 15 16 17 28 18 10 21 22 23 24 25 26 27 38 30 9 31 32 33 34 35 36 37 29 0 40 41 42 43 44 45 46 47 48 59 50 51 52 53 54 55 56 57 68 39 58 61 62 63 64 65 66 67 79 78 49 71 72 73 74 75 76 77 69 70 60 81 82 83 84 85 86 87 88 89 80 91 92 93 94 95 96 97 98 99 90 
1 2 3 4 5 6 7 8 9 10 11 12 13 14 15 16 17 18 19 20 21 22 23 24 25 26 27 28 29 30 31 32 33 34 35 36 37 38 39 40 41 42 43 44 45 46 47 48 49 50 51 52 53 54 55 56 57 58 59 60 61 62 63 64 65 66 67 68 69 0 71 72 73 74 75 76 77 78 79 70 81 82 83 84 85 86 87 88 89 80 91 92 93 94 95 96 97 98 99 90 
1 2 3 4 5 6 7 8 9 10 11 12 13 14 15 16 17 18 19 20 21 22 23 24 25 26 27 28 29 30 31 32 0 34 35 36 37 38 39 40 41 42 33 44 45 46 47 48 49 50 51 52 43 55 65 56 57 58 59 60 61 62 53 63 54 66 67 68 69 70 71 72 73 64 75 86 77 78 79 80 81 82 83 74 76 85 97 87 89 90 91 92 93 84 94 95 96 88 98 99 
1 2 3 4 5 6 7 8 9 10 11 12 13 14 15 16 17 18 19 20 21 22 23 24 25 26 27 28 29 30 31 32 33 34 35 36 37 38 39 40 41 42 43 44 45 46 47 48 49 50 51 52 53 54 55 56 57 58 59 60 61 62 63 64 65 66 67 68 69 70 71 72 0 73 84 75 76 77 79 80 81 93 83 85 74 86 87 78 89 90 91 82 92 94 95 96 97 88 98 99 
1 2 3 4 5 6 7 8 9 10 11 12 13 14 15 16 17 18 19 20 21 22 23 24 25 26 27 28 29 30 31 32 33 34 35 36 37 38 39 40 41 42 43 44 45 46 47 48 49 50 51 52 53 54 55 66 56 58 59 60 61 62 73 63 64 57 68 78 69 70 71 72 74 0 65 76 77 67 79 80 81 82 83 84 75 95 86 87 89 90 91 92 93 94 96 85 97 88 98 99 
1 2 3 4 5 6 7 8 9 10 11 12 13 14 15 16 17 28 18 20 21 22 23 24 25 26 39 27 19 30 31 32 33 35 45 36 57 38 29 40 41 42 43 34 46 37 47 49 0 50 51 52 53 44 54 55 56 48 58 60 61 62 63 64 65 66 67 68 59 69 71 72 73 74 75 76 77 78 79 70 81 82 83 84 85 86 87 88 89 80 91 92 93 94 95 96 97 98 99 90 
1 2 3 4 5 6 7 8 9 10 11 12 13 14 15 16 17 18 19 20 21 22 23 24 25 26 27 28 29 30 31 32 33 34 35 36 37 38 39 40 41 42 43 54 44 45 47 48 49 50 51 52 53 0 55 46 56 57 59 60 61 62 63 64 65 66 67 58 69 70 71 72 73 74 75 76 77 68 79 80 81 82 83 84 85 86 87 78 89 90 91 92 93 94 95 96 97 88 98 99 
1 2 3 4 5 6 7 8 9 10 11 12 13 14 15 16 17 18 19 20 21 22 23 24 25 26 27 28 29 30 31 32 33 34 35 36 37 38 39 40 41 42 43 44 45 46 47 48 49 50 51 52 53 54 55 57 58 67 59 60 61 62 63 64 65 56 66 69 77 70 71 72 73 84 74 75 68 0 78 79 81 82 83 85 86 87 76 88 89 80 91 92 93 94 95 96 97 98 99 90 
1 2 3 4 5 6 7 8 9 10 11 12 13 14 15 16 17 18 19 20 21 22 23 24 25 26 27 28 29 30 31 32 33 34 35 37 38 39 57 40 41 42 43 44 45 36 47 48 50 0 51 52 53 54 55 46 56 58 49 60 61 62 63 64 65 66 67 69 59 79 71 72 73 74 75 76 77 68 80 88 81 82 83 84 85 86 87 98 89 70 91 92 93 94 95 96 97 99 78 90 
1 2 3 4 5 6 7 8 9 10 11 12 13 14 15 17 27 18 19 0 21 22 23 24 25 16 28 29 30 20 31 32 33 34 35 26 37 38 39 40 41 42 43 44 45 36 46 48 49 50 51 52 53 54 55 56 47 58 59 60 61 62 63 64 65 66 57 67 68 70 71 72 73 84 74 75 76 77 69 79 81 82 83 85 86 87 88 89 78 80 91 92 93 94 95 96 97 98 99 90 
1 2 3 4 5 6 7 8 9 10 11 12 13 14 15 16 17 18 19 20 21 22 23 24 25 26 27 28 29 30 31 32 33 34 35 36 37 38 39 40 41 42 43 44 45 46 47 48 49 50 51 52 53 54 55 56 67 57 0 59 61 62 63 64 65 66 77 58 69 60 71 72 73 74 75 76 87 79 80 70 81 82 83 84 85 86 78 68 88 89 91 92 93 94 95 96 97 98 99 90 
1 2 3 4 5 6 7 8 9 10 11 12 13 14 15 16 17 18 19 20 21 22 23 24 25 26 27 28 29 30 31 32 33 34 35 36 37 38 39 40 41 42 43 44 45 46 47 48 49 50 51 52 53 54 55 56 57 58 59 60 61 62 63 64 65 66 87 77 67 70 71 72 73 74 75 76 0 68 69 79 81 82 83 84 85 86 78 98 88 80 91 92 93 94 95 96 97 99 90 89 
1 2 3 4 5 6 7 8 9 10 11 12 13 14 15 16 17 18 19 20 21 22 23 24 25 26 27 28 29 30 31 32 33 34 35 36 37 38 39 40 41 42 43 44 45 46 47 48 49 50 51 52 53 54 55 56 57 58 59 60 61 62 63 64 65 66 67 68 69 70 71 72 73 74 75 76 77 99 79 78 81 82 83 84 85 96 87 88 80 89 91 92 93 94 95 97 86 98 0 90 
1 2 3 4 5 6 7 8 9 10 11 12 13 14 15 16 17 18 19 20 21 22 23 24 25 26 27 28 29 30 31 32 33 34 35 36 37 38 39 40 41 42 43 44 45 46 47 48 49 50 51 52 53 54 55 56 57 59 68 60 61 62 63 64 65 66 67 78 58 70 71 72 73 74 75 76 77 88 69 79 81 82 83 84 85 86 87 89 0 80 91 92 93 94 95 96 97 98 99 90 
1 2 3 4 5 6 7 8 9 10 11 12 13 14 15 16 17 18 20 29 21 22 23 24 25 26 27 38 28 19 31 32 33 34 35 36 37 48 39 30 41 42 43 44 45 46 47 50 40 0 51 52 53 54 55 56 57 58 49 60 61 62 63 64 65 66 67 68 59 69 71 72 73 74 75 76 77 78 79 70 81 82 83 84 85 86 87 88 89 80 91 92 93 94 95 96 97 98 99 90 
1 2 3 4 5 6 7 8 9 10 11 12 13 14 15 16 17 18 19 20 21 22 23 24 25 26 27 28 29 30 31 32 33 34 35 36 37 38 39 40 41 42 0 44 45 56 46 48 49 50 51 52 43 53 54 55 47 57 59 60 61 62 63 64 65 66 67 58 70 80 71 72 73 74 75 76 78 68 69 90 81 82 83 84 85 86 77 87 88 79 91 92 93 94 95 96 97 98 89 99 
1 2 3 4 5 6 7 8 9 10 11 12 13 14 15 16 17 18 19 20 0 32 22 24 25 26 37 27 28 30 21 31 23 33 35 36 47 38 29 39 41 42 43 34 44 45 46 48 49 40 51 52 53 54 55 56 57 58 59 50 61 62 63 64 65 66 67 68 69 60 71 72 73 74 75 76 77 79 80 70 81 82 83 84 85 86 87 78 88 89 91 92 93 94 95 96 97 98 99 90 
1 2 3 4 5 6 7 8 9 10 11 12 13 14 15 16 17 18 19 20 21 22 23 24 25 26 27 28 29 30 31 32 33 34 35 36 37 38 39 40 41 52 42 43 45 46 47 48 49 50 51 53 63 44 56 65 57 58 59 60 61 62 64 55 54 66 0 67 68 70 71 72 73 74 75 76 77 78 69 79 81 82 83 84 85 86 87 88 89 99 91 92 93 94 95 96 97 98 90 80 
1 2 3 4 5 6 7 8 9 10 11 12 13 14 15 16 17 18 19 20 21 22 23 24 25 26 27 28 29 30 31 32 33 34 35 36 37 38 39 40 41 42 43 44 45 46 47 48 49 50 51 52 53 54 55 56 57 58 59 60 61 62 63 64 65 67 76 68 69 70 71 72 73 84 74 75 66 77 79 80 81 82 83 0 85 86 88 78 89 99 91 92 93 94 95 96 87 97 90 98 
1 2 3 4 5 6 7 0 9 20 11 12 13 14 15 16 17 8 10 30 21 22 23 24 25 37 28 18 19 29 31 32 33 34 35 27 26 38 39 40 41 42 43 44 45 36 46 47 48 49 51 52 53 54 55 66 57 58 60 50 61 62 63 64 65 76 56 68 59 70 71 72 73 74 75 77 67 78 69 79 81 82 83 84 85 86 87 88 89 80 91 92 93 94 95 96 97 98 99 90 
1 2 3 4 5 6 7 8 9 10 11 12 13 14 15 16 17 18 19 20 21 22 23 24 25 26 27 29 38 30 31 32 33 34 35 36 37 49 28 40 41 42 43 44 45 46 67 47 39 50 51 52 53 54 0 56 58 48 57 60 61 62 63 64 55 65 66 59 70 79 71 72 73 74 75 76 69 77 90 78 81 82 83 84 85 86 87 68 88 80 91 92 93 94 95 96 97 98 89 99 
1 2 3 4 5 6 7 8 9 10 11 12 13 14 15 16 17 19 20 30 21 22 23 24 25 26 28 18 0 40 31 32 33 34 36 37 27 38 29 39 41 42 43 44 35 46 47 48 49 50 51 52 53 54 45 56 57 58 59 60 61 62 63 64 55 66 67 68 69 70 71 72 73 74 65 75 77 78 79 80 81 82 83 84 85 76 97 87 89 90 91 92 93 94 95 86 96 88 98 99 
1 2 3 4 5 6 7 8 9 10 11 12 13 14 15 16 17 18 19 20 21 22 23 24 25 36 26 28 29 30 31 32 33 34 45 35 27 38 0 40 41 42 43 44 55 46 37 47 39 50 51 52 53 54 65 56 57 59 49 60 61 62 63 64 75 86 66 48 69 70 71 72 73 74 76 77 58 67 79 80 81 82 83 84 85 87 97 68 88 90 91 92 93 94 95 96 98 78 89 99 
1 2 3 4 5 6 7 8 9 10 11 12 13 14 15 16 17 18 19 20 21 22 23 24 25 26 27 28 29 30 31 32 33 34 35 36 37 38 39 40 41 42 43 44 45 46 47 0 48 49 51 52 53 54 55 56 57 59 60 50 61 62 63 64 65 66 67 58 69 70 71 72 73 74 75 76 77 68 78 79 81 82 83 84 85 86 97 87 89 80 91 92 93 94 95 96 88 98 99 90 
1 2 3 4 5 6 7 8 9 10 11 12 13 14 15 16 17 18 19 20 21 22 23 24 25 26 27 28 29 30 31 32 33 34 35 36 37 38 39 40 41 42 43 44 45 46 47 48 49 50 51 52 53 54 55 56 57 58 59 60 61 62 63 64 65 66 67 68 69 70 71 72 73 74 75 76 77 78 79 80 81 82 83 84 85 86 97 99 87 88 91 92 93 94 95 96 98 90 0 89 
1 2 3 4 5 6 7 8 9 10 11 12 13 14 15 16 17 18 19 20 21 22 23 24 25 26 27 28 29 30 31 32 33 34 35 36 37 38 39 40 41 42 43 44 45 46 47 48 49 50 51 52 53 54 55 56 57 58 59 60 61 62 63 64 65 66 67 68 69 70 71 0 73 74 75 76 77 78 79 80 82 72 84 94 93 86 87 98 88 89 81 83 91 92 85 95 96 97 99 90 
1 2 3 4 5 6 7 8 9 10 11 12 13 14 15 16 17 18 19 20 21 22 23 24 25 26 27 28 29 30 31 32 33 34 35 36 37 38 39 40 41 42 43 44 45 46 47 48 49 50 51 52 53 54 55 56 57 58 59 60 61 62 63 64 65 66 67 78 68 0 71 72 73 74 75 76 77 88 79 69 81 82 83 84 85 86 87 98 90 70 91 92 93 94 95 96 97 89 99 80 
1 2 3 4 5 6 7 8 9 10 11 12 13 14 15 16 17 18 19 20 31 21 22 24 25 26 27 28 29 30 0 41 23 34 35 36 37 38 39 40 42 32 33 43 45 47 56 48 49 50 51 52 54 44 55 46 57 68 58 60 61 62 53 63 65 76 66 67 59 70 71 72 73 64 75 86 77 78 69 80 81 82 83 74 84 85 87 88 79 99 91 92 93 94 95 96 97 98 90 89 
1 2 3 4 5 6 7 8 9 10 11 12 13 14 15 16 17 18 19 20 21 22 23 24 25 26 27 28 29 30 31 32 33 34 35 36 37 38 39 40 41 42 43 44 45 46 47 48 49 50 51 52 53 54 55 56 58 67 69 59 61 62 63 64 65 66 77 57 68 60 71 72 73 74 75 76 87 78 80 70 81 82 83 84 85 86 97 98 79 90 91 92 93 94 95 96 89 88 99 0 
1 2 3 4 5 6 7 8 9 10 11 12 13 14 15 16 18 0 19 20 21 22 23 24 25 26 17 28 29 30 31 32 33 34 35 36 27 37 39 40 41 42 43 44 45 46 47 38 58 50 51 52 53 54 55 56 57 49 48 60 61 62 63 64 65 66 67 68 59 70 71 72 73 74 75 76 77 79 69 80 81 82 83 84 85 86 87 78 90 99 91 92 93 94 95 96 97 89 88 98 
1 2 3 4 5 6 7 8 9 10 11 12 13 14 15 16 17 18 19 20 21 22 23 24 25 26 27 28 29 30 31 32 33 34 35 36 37 38 39 40 41 42 43 44 45 46 47 48 49 50 51 52 53 54 55 56 57 58 59 60 61 63 64 74 65 66 67 68 69 70 72 62 0 73 84 75 76 77 78 79 71 82 93 85 83 86 87 88 89 80 81 91 92 94 95 96 97 90 98 99 
1 3 12 15 0 5 7 8 9 10 11 2 14 4 26 6 17 18 19 20 21 22 13 23 24 16 27 28 29 30 31 32 33 34 25 35 36 38 39 40 41 42 43 44 45 46 37 48 49 50 51 52 53 54 55 56 47 58 59 60 61 62 63 64 65 66 57 67 69 70 71 72 73 74 75 76 77 68 78 80 81 82 83 84 85 86 87 88 79 90 91 92 93 94 95 96 97 98 89 99 
1 2 3 4 5 6 7 8 9 10 11 12 13 14 15 16 17 18 19 20 21 22 23 24 25 26 27 28 29 30 31 32 33 34 35 36 37 38 39 40 41 42 43 44 45 46 47 48 49 50 51 52 53 54 55 56 57 58 59 60 61 62 63 64 66 75 67 68 69 70 71 72 73 74 65 77 97 0 78 80 81 82 83 84 95 76 87 88 79 90 91 92 93 94 86 85 96 98 89 99 
1 2 3 4 5 6 7 8 9 10 11 12 13 14 15 16 17 18 19 20 21 22 23 24 25 26 27 28 29 30 31 32 33 34 35 36 37 38 39 40 41 42 43 44 45 46 47 48 49 50 51 52 53 54 55 56 57 58 59 60 61 62 63 64 66 67 68 69 79 70 71 72 73 74 65 76 77 78 90 89 81 82 83 94 75 95 86 98 80 99 91 92 93 85 84 0 87 96 88 97 
1 2 3 4 5 6 7 8 9 10 11 12 13 14 15 16 17 18 19 20 21 22 23 24 25 26 27 28 29 30 32 33 0 34 35 36 37 38 39 40 31 41 42 44 45 46 47 48 49 50 51 52 43 53 55 56 57 58 59 60 61 62 63 54 65 66 67 68 69 70 71 72 73 64 75 76 77 78 79 80 81 82 83 74 84 87 96 88 89 90 91 92 93 94 85 95 86 97 98 99 
1 2 3 4 5 6 7 8 9 10 11 12 13 14 15 16 17 18 19 20 21 22 23 24 25 26 27 28 29 30 31 32 33 34 35 36 37 38 39 40 41 42 43 44 45 46 47 48 49 50 51 52 53 54 55 56 57 58 59 60 61 62 63 74 64 66 67 68 69 70 71 72 73 65 96 75 77 78 99 79 81 82 84 93 76 86 97 87 88 80 91 92 0 83 94 85 95 98 90 89 
2 12 3 4 5 6 7 8 9 10 1 21 13 14 15 16 17 18 19 20 11 23 24 25 26 27 28 0 29 30 42 22 32 34 35 36 37 38 39 40 43 31 33 44 45 46 47 48 49 50 41 52 53 54 55 56 57 58 59 60 51 61 62 64 65 66 67 68 69 70 71 72 63 73 75 76 87 77 78 80 81 82 94 74 84 85 86 88 79 89 91 92 83 93 95 96 97 98 99 90 
1 2 3 4 5 6 7 8 9 10 11 12 13 14 15 16 17 18 19 20 21 32 0 23 25 26 27 28 29 30 31 33 22 24 34 36 37 38 39 40 41 42 43 44 35 46 47 48 49 50 51 52 53 54 45 56 57 58 59 60 61 62 63 65 55 66 67 68 69 70 71 72 73 64 74 75 76 78 79 80 81 82 83 84 85 86 77 87 99 89 91 92 93 94 95 96 97 88 98 90 
1 2 3 4 5 6 7 8 9 10 11 12 13 14 15 16 17 18 19 20 21 22 23 24 25 26 27 28 29 30 41 31 33 34 35 36 37 38 39 40 32 42 43 44 45 46 47 48 49 50 51 62 52 53 56 57 58 68 59 60 61 63 54 64 55 65 67 77 69 70 71 82 72 73 74 66 76 88 78 80 91 81 83 84 75 85 86 87 79 99 92 0 93 94 95 96 97 98 90 89 
1 2 3 4 5 6 7 8 9 10 11 12 13 14 15 16 17 18 19 20 21 22 23 24 25 26 27 28 29 30 31 32 33 34 35 36 37 38 39 40 41 42 43 44 45 46 47 48 49 50 52 61 51 54 55 56 57 58 59 60 63 0 53 64 65 66 67 68 69 70 71 62 83 73 76 85 77 78 79 80 81 72 82 74 75 97 96 87 99 89 91 92 93 84 94 95 86 88 98 90 
1 2 3 4 5 6 7 8 9 10 11 12 13 14 15 16 17 18 19 20 21 22 23 24 25 26 27 28 29 30 31 32 33 34 35 37 46 38 39 40 41 42 43 44 55 45 47 48 49 50 51 52 0 53 54 36 56 57 58 59 61 62 63 64 75 66 67 68 69 60 71 72 73 65 85 76 77 78 79 70 81 82 83 74 84 86 87 88 89 80 91 92 93 94 95 96 97 98 99 90 
1 2 3 4 5 16 6 7 9 10 11 12 13 14 15 0 17 8 18 19 21 22 23 24 25 26 27 28 29 20 31 32 33 34 35 36 37 38 39 30 41 42 43 44 45 46 47 48 49 40 51 52 53 54 55 56 57 58 59 50 61 62 63 64 65 66 67 68 70 60 71 72 73 74 75 76 77 89 69 79 81 82 83 84 85 86 97 78 88 80 91 92 93 94 95 96 98 87 99 90 
1 2 3 4 5 6 7 8 9 10 11 12 13 14 15 16 17 18 19 20 21 22 23 24 25 26 27 28 29 30 31 32 33 34 35 36 37 38 39 40 41 42 43 44 45 46 47 49 59 50 51 52 53 54 55 56 57 48 68 60 61 62 63 64 65 66 67 58 80 69 71 72 73 74 75 77 78 98 0 89 81 82 83 84 85 76 86 88 70 79 91 92 93 94 95 96 87 97 99 90 
1 2 3 4 5 6 7 8 9 10 11 12 13 14 16 26 17 18 19 20 21 22 23 24 15 27 36 28 29 30 31 32 33 34 25 35 0 38 39 40 41 42 43 44 46 47 37 48 49 50 51 52 53 55 45 56 66 58 59 60 61 62 63 54 65 67 57 68 69 70 71 72 73 64 74 76 78 87 79 80 81 82 83 84 75 85 86 77 88 89 91 92 93 94 95 96 97 98 99 90 
1 2 3 4 5 6 7 8 9 10 11 12 13 14 15 16 17 18 19 20 21 22 23 24 25 26 27 28 29 30 31 43 32 34 35 36 37 38 39 40 41 42 33 44 45 46 47 48 49 50 51 52 53 54 55 56 57 58 59 60 0 61 62 64 65 66 67 68 69 70 71 73 63 74 75 76 77 78 79 80 81 72 82 84 85 96 95 86 98 90 91 92 83 93 94 87 97 89 88 99 
1 2 3 4 5 6 7 8 9 10 11 12 13 14 15 16 17 18 19 20 21 22 23 24 25 26 27 28 29 30 31 32 33 34 35 36 37 38 39 40 41 42 53 43 45 46 47 48 49 50 51 0 52 44 55 56 57 58 59 60 61 62 63 54 65 66 67 68 69 70 71 72 73 64 85 75 76 78 79 80 81 82 83 74 84 86 77 87 88 90 91 92 93 94 95 96 97 98 89 99 
1 2 3 4 5 6 7 8 9 10 11 12 13 14 15 16 17 18 19 20 21 22 23 35 34 25 27 28 29 30 31 32 33 24 45 26 36 38 39 40 41 42 43 44 55 46 37 47 48 49 51 52 53 54 0 56 57 58 59 50 61 62 63 64 65 66 67 69 70 60 71 72 73 74 75 76 77 68 78 80 81 82 83 84 85 86 87 88 79 89 91 92 93 94 95 96 97 98 99 90 
1 2 3 4 5 6 7 8 9 10 11 12 13 14 15 16 18 38 19 20 21 22 23 24 25 26 27 28 0 29 31 32 33 34 35 36 37 17 39 30 41 42 43 44 45 46 47 48 49 40 51 52 53 54 55 56 57 59 60 50 61 62 63 64 65 66 67 58 69 70 71 72 73 74 75 76 77 68 98 89 81 82 83 84 85 86 87 80 78 79 91 92 93 94 95 96 97 99 88 90 
1 2 3 4 5 6 7 8 9 10 11 12 13 14 15 16 17 18 19 20 21 22 23 24 25 26 27 28 29 30 31 32 33 34 35 36 37 38 39 40 41 42 43 44 45 46 47 48 49 50 51 52 53 54 55 56 57 58 0 70 61 62 63 64 65 66 67 69 80 59 71 72 73 74 75 76 77 68 60 78 81 82 83 84 85 86 88 97 79 90 91 92 93 94 95 96 87 98 89 99 
1 2 3 4 5 6 7 8 9 10 11 12 13 14 15 16 17 18 19 20 21 22 23 24 25 26 27 28 29 30 31 32 33 34 35 36 37 38 39 40 41 42 43 44 45 46 47 48 49 50 51 52 53 54 55 0 57 58 59 60 61 62 63 64 66 56 67 68 69 70 71 72 73 74 65 76 77 78 80 89 81 82 83 95 75 85 87 98 88 79 91 92 93 84 94 86 96 97 99 90 
1 2 3 4 5 6 7 8 9 10 11 12 13 14 15 16 17 18 19 20 21 22 23 24 25 26 27 28 29 30 31 32 33 35 44 36 37 38 39 40 41 42 43 34 45 46 47 48 49 50 51 52 53 54 55 56 57 58 59 60 61 62 63 64 65 67 76 68 69 70 71 72 73 74 75 66 77 80 90 0 81 82 83 84 85 86 87 78 89 79 91 92 93 94 95 96 97 88 98 99 
1 2 3 4 5 6 7 8 9 10 11 12 13 14 15 16 17 18 19 20 21 22 23 24 25 26 27 28 29 30 31 32 33 34 35 36 37 38 39 40 41 42 43 44 45 46 47 48 49 50 51 52 53 54 55 56 57 58 59 60 61 62 63 64 65 66 67 68 69 70 71 72 73 74 75 76 77 79 89 90 81 82 83 84 85 86 87 78 0 99 91 92 93 94 95 96 97 98 80 88 
1 2 3 4 5 6 7 8 9 10 11 12 13 14 15 16 17 18 19 20 21 22 23 24 25 26 27 28 29 30 31 32 33 34 35 36 37 38 39 40 41 42 43 44 45 46 47 48 49 50 51 52 53 54 55 56 57 58 60 70 61 62 63 64 65 66 67 68 59 80 71 72 73 74 75 76 87 79 89 69 81 82 83 84 85 86 78 77 98 90 91 92 93 94 95 96 97 88 0 99 
1 2 3 4 5 17 7 19 18 9 11 12 13 14 15 0 27 16 8 10 21 22 23 24 25 6 26 28 29 39 31 32 33 34 35 36 37 38 49 20 41 42 43 44 45 46 47 48 40 30 51 52 53 54 55 56 57 58 60 50 61 62 63 64 65 66 67 68 59 69 71 72 73 74 75 76 77 78 80 70 81 82 83 84 85 86 87 88 79 90 91 92 93 94 95 96 97 98 89 99 
1 2 3 4 5 6 7 8 9 10 11 12 13 14 15 16 17 18 19 20 21 22 23 24 25 26 27 28 29 30 31 32 33 34 35 36 37 38 39 40 41 42 43 44 0 46 47 48 49 50 51 52 53 54 45 56 57 58 59 60 61 62 63 64 55 65 67 68 69 70 71 72 73 74 75 66 77 78 79 80 81 82 83 84 95 76 85 98 99 88 91 92 93 94 96 97 87 86 89 90 
1 2 3 4 6 7 17 8 9 10 11 12 13 14 5 25 16 18 19 20 21 22 23 24 15 26 27 28 29 30 31 32 33 34 35 46 38 0 39 40 41 42 43 44 45 37 36 58 48 50 51 52 53 54 55 56 47 57 49 60 61 62 63 64 65 66 67 68 59 70 71 72 73 74 75 76 77 78 69 79 81 82 83 84 85 86 87 88 89 80 91 92 93 94 95 96 97 98 99 90 
1 2 3 4 5 6 7 8 9 10 11 12 13 14 15 16 17 18 20 30 21 22 23 24 25 26 27 28 19 40 31 32 33 34 35 36 37 38 29 0 41 42 43 44 45 46 47 48 39 50 51 52 53 54 55 56 57 58 49 60 61 62 63 64 65 66 67 68 59 70 71 72 73 74 75 76 77 78 69 80 81 82 83 84 85 86 87 89 79 90 91 92 93 94 95 96 97 88 98 99 
1 2 3 4 5 6 7 8 9 10 11 12 13 14 15 16 17 18 19 20 21 22 23 24 25 26 27 28 29 30 31 32 33 34 35 36 37 38 39 40 41 42 43 44 45 46 47 48 49 50 51 52 53 64 0 55 56 58 59 60 61 62 63 65 54 66 57 67 68 70 71 72 73 74 75 76 77 78 69 80 81 82 83 84 85 86 87 88 79 89 91 92 93 94 95 96 97 98 99 90 
1 2 3 4 5 6 7 8 9 10 11 12 13 14 15 16 17 18 19 20 21 22 23 24 25 26 27 28 29 30 31 32 33 34 35 36 37 38 39 40 41 42 43 44 45 46 47 48 49 50 51 52 53 54 55 56 57 58 59 60 61 62 63 64 65 66 67 68 69 70 71 72 73 74 75 76 77 78 89 79 81 82 83 84 85 86 87 80 90 99 91 92 93 94 95 96 97 88 98 0 
1 2 3 4 5 6 7 8 9 10 11 12 13 14 15 16 17 18 19 20 21 22 23 24 25 26 27 28 29 30 31 32 33 34 35 36 37 38 39 40 51 41 42 43 45 46 47 48 49 50 52 53 44 64 56 57 58 68 59 60 61 62 63 55 54 76 66 69 0 70 71 72 73 74 65 75 67 77 79 80 81 82 83 84 85 86 87 78 89 90 91 92 93 94 95 96 97 88 98 99 
1 2 3 4 5 6 7 8 9 10 11 12 13 14 15 16 17 18 19 20 21 22 23 24 25 26 27 28 29 30 31 32 33 34 35 36 37 48 38 40 41 42 43 44 45 46 47 39 0 49 51 52 53 54 55 56 57 58 59 50 61 62 63 64 65 66 67 68 70 60 71 72 73 74 75 76 77 80 69 89 81 82 83 84 85 86 97 78 99 79 91 92 93 94 95 96 88 87 98 90 
1 2 3 4 5 6 7 8 9 10 11 12 13 14 15 16 17 18 19 20 21 22 23 24 25 26 27 28 29 30 31 32 33 34 35 36 37 38 39 40 41 42 43 44 45 46 47 48 49 50 51 52 53 54 55 56 57 58 59 60 61 62 63 64 65 66 67 68 69 70 71 72 73 74 75 76 79 88 78 80 81 82 83 84 85 86 0 98 97 90 91 92 93 94 95 96 77 89 87 99 
1 2 3 4 5 6 7 8 10 20 11 12 13 14 15 16 17 18 0 9 21 22 23 24 25 26 37 27 19 30 31 32 33 34 35 36 28 38 29 39 41 42 43 44 45 46 47 48 49 40 51 52 53 54 55 56 57 59 70 50 61 62 63 64 65 66 67 58 60 68 71 72 73 74 75 76 77 78 69 80 81 82 83 84 85 86 87 88 79 89 91 92 93 94 95 96 97 98 99 90 
1 2 3 4 5 6 7 8 9 10 11 12 13 14 15 16 17 18 19 20 21 22 23 24 25 26 27 28 29 30 31 42 32 33 35 36 37 38 39 40 41 43 53 34 44 46 47 48 49 50 51 52 63 54 45 55 56 58 59 60 72 62 74 0 65 66 57 68 69 70 61 71 64 73 75 86 67 77 79 80 81 82 83 84 85 87 76 78 88 89 91 92 93 94 95 96 97 98 99 90 
1 2 3 4 5 6 7 8 9 10 11 12 13 14 15 16 17 18 19 20 21 22 23 24 25 26 27 28 29 30 31 32 33 34 35 36 37 38 39 40 41 42 43 44 45 46 47 48 49 50 51 52 63 53 54 55 57 58 59 60 61 62 73 64 65 56 66 68 69 70 71 72 74 0 85 76 67 88 78 80 81 82 83 75 84 86 77 89 99 98 91 92 93 94 95 96 87 97 79 90 
1 2 3 4 5 6 7 8 9 10 11 12 13 14 15 16 17 18 19 20 21 22 23 24 25 26 27 28 29 30 31 32 33 34 35 36 37 38 39 40 41 42 43 44 45 46 47 48 49 50 51 52 53 54 55 56 57 58 59 60 61 62 63 64 65 66 67 69 78 70 71 72 73 74 75 76 77 68 98 88 81 82 83 84 85 86 87 0 79 80 91 92 93 94 95 96 97 89 99 90 
1 2 3 4 5 6 7 8 9 10 11 12 13 14 15 16 17 18 19 20 21 22 23 24 25 27 36 28 29 30 31 32 33 34 35 26 0 38 39 40 41 42 43 44 45 47 37 48 49 50 51 52 53 54 65 46 55 57 58 60 61 62 63 64 86 56 67 66 59 69 71 72 73 74 76 77 78 68 79 70 81 82 83 84 75 85 87 88 89 80 91 92 93 94 95 96 97 98 99 90 
1 2 3 4 5 6 7 8 9 10 11 22 12 13 15 16 17 18 19 20 21 32 23 14 24 25 37 27 29 30 31 42 33 34 35 26 47 28 39 40 41 0 43 44 45 36 46 38 49 50 51 52 53 54 55 56 57 48 59 60 61 62 63 64 65 66 67 58 68 70 71 72 73 74 75 76 77 79 69 80 81 82 83 84 85 86 88 78 89 90 91 92 93 94 95 96 87 97 98 99 
1 2 3 4 5 6 7 8 9 10 11 12 13 14 15 16 17 18 19 20 21 22 23 24 25 26 27 28 29 30 31 32 33 34 35 36 37 38 39 40 41 42 43 44 45 46 47 48 49 50 51 52 53 54 55 56 57 58 59 60 61 62 63 64 65 66 67 68 69 70 71 72 73 0 95 85 76 88 78 80 81 82 83 74 84 75 77 87 79 90 91 92 93 94 96 86 97 98 89 99 
1 2 3 4 5 6 7 8 9 10 11 12 13 14 15 16 17 18 19 20 21 22 23 24 25 26 27 28 29 30 31 32 33 34 35 36 37 38 39 40 41 42 43 44 45 46 47 48 50 0 51 52 53 54 55 56 67 57 49 60 61 62 63 64 65 66 59 78 68 58 71 72 73 74 75 76 77 88 70 69 81 82 83 84 85 86 87 80 79 90 91 92 93 94 95 96 97 89 98 99 
1 2 3 4 5 6 7 8 9 10 11 12 13 14 15 16 17 18 19 20 21 22 23 24 25 26 27 28 29 30 31 32 33 34 35 36 37 38 39 40 41 42 43 44 45 46 47 48 49 50 51 52 53 54 55 56 57 58 59 60 61 62 63 64 65 66 67 68 79 69 71 72 73 74 75 76 77 88 78 70 81 92 82 94 84 85 86 87 90 80 91 0 83 93 95 96 97 98 89 99 
1 2 3 4 5 6 17 7 9 10 11 12 13 14 15 16 27 8 19 20 21 22 23 24 36 35 26 18 29 30 31 32 33 34 25 46 37 28 39 40 41 42 43 44 45 47 38 48 50 60 51 52 53 54 55 56 57 58 49 69 61 62 63 64 65 66 67 68 59 70 71 72 73 74 75 76 77 79 80 90 81 82 83 84 85 86 87 78 88 99 91 92 93 94 95 96 97 0 98 89 
1 2 3 4 5 6 7 8 9 10 11 12 13 14 15 16 0 18 19 30 21 22 23 24 25 26 17 39 40 29 31 32 33 34 35 36 27 37 28 20 41 42 43 44 45 46 47 38 48 49 51 52 53 54 55 56 57 58 59 50 61 62 63 64 65 66 67 68 69 60 71 72 73 74 75 76 77 78 79 70 81 82 83 84 85 86 87 89 98 80 91 92 93 94 95 96 97 88 99 90 
1 2 3 4 5 6 7 8 9 10 11 12 13 14 15 16 17 18 19 20 21 22 23 24 25 26 27 28 29 30 31 32 33 34 35 36 37 38 39 40 41 42 43 44 45 46 47 48 49 50 51 52 53 54 55 56 57 58 59 60 61 62 63 64 65 66 67 69 88 70 71 72 73 74 75 76 77 68 90 80 81 82 83 84 85 86 87 79 89 98 91 92 93 94 95 96 97 78 0 99 
1 2 3 4 5 6 7 8 9 10 11 12 13 14 15 16 17 18 19 20 21 22 23 24 25 26 27 28 29 30 31 32 33 34 35 36 37 39 48 40 41 42 43 44 45 46 47 38 69 49 51 52 53 54 55 56 57 68 58 50 61 62 63 64 65 66 67 78 60 59 71 72 73 74 75 76 77 88 79 70 81 82 83 84 85 86 87 89 80 0 91 92 93 94 95 96 97 98 99 90 
1 2 3 4 5 6 7 8 9 10 11 12 13 14 15 16 17 18 19 20 21 22 23 24 25 26 27 28 29 30 31 32 33 44 34 36 37 38 39 40 41 42 43 35 45 46 48 49 0 50 51 52 53 54 56 76 47 58 59 60 61 62 63 64 55 66 57 67 99 70 71 72 73 74 65 75 77 69 68 80 81 82 83 84 85 86 87 79 78 89 91 92 93 94 95 96 97 88 98 90 
1 2 3 4 5 6 7 8 9 10 11 12 13 14 15 16 17 18 19 20 21 22 23 24 25 26 27 28 29 30 31 32 33 34 35 37 46 39 48 40 41 42 43 44 45 36 0 38 49 50 51 52 53 54 55 56 47 57 58 60 61 62 63 64 65 66 67 68 59 69 71 72 73 74 75 76 77 88 78 70 81 82 83 84 85 86 87 89 80 79 91 92 93 94 95 96 97 98 99 90 
1 2 3 4 5 6 7 8 9 10 11 12 13 14 15 16 17 18 19 20 21 22 23 24 25 26 27 28 29 30 31 32 33 34 35 36 37 38 39 40 41 42 43 44 45 46 47 48 49 50 51 52 53 54 55 56 57 58 59 60 61 62 63 64 65 66 67 78 68 70 71 72 83 73 74 76 88 77 69 79 82 93 0 84 75 85 87 97 89 80 81 91 92 94 95 86 96 98 99 90 
1 2 3 4 5 6 7 8 9 10 11 12 13 14 15 16 17 18 19 20 21 22 23 24 25 26 27 28 29 30 31 32 33 34 35 36 37 38 39 40 41 42 43 44 45 46 47 48 49 50 51 52 53 54 55 56 57 58 59 60 61 62 63 64 65 66 68 69 88 70 71 72 73 74 75 78 67 0 79 80 81 82 83 84 76 77 86 87 99 89 91 92 93 94 85 95 96 97 98 90 
1 2 4 14 5 6 7 8 9 10 11 12 3 15 16 26 17 18 19 20 21 22 13 24 25 36 27 28 29 30 31 32 23 34 45 35 37 38 39 40 41 42 33 44 46 47 57 48 49 50 51 52 43 53 55 66 56 58 59 60 61 63 64 54 65 67 68 69 0 70 71 62 72 73 75 76 77 78 79 80 81 82 83 74 84 85 87 88 89 90 91 92 93 94 95 86 96 97 98 99 
1 2 3 4 5 6 7 8 29 9 11 12 13 14 15 16 28 17 19 10 21 22 23 24 25 26 27 18 30 20 31 32 33 34 35 37 38 48 39 40 41 42 43 44 45 36 47 49 59 50 51 52 53 54 55 46 57 68 58 60 61 62 63 64 65 56 66 69 0 70 71 72 73 74 75 76 67 77 79 80 81 82 83 84 85 86 87 78 89 90 91 92 93 94 95 96 97 88 98 99 
1 2 3 4 5 6 7 8 9 10 11 12 13 14 15 16 17 18 19 20 21 22 23 24 25 26 27 28 29 30 31 32 33 34 35 36 37 38 39 40 41 42 43 44 45 46 47 48 49 50 51 52 53 54 55 56 57 58 59 60 61 62 64 0 65 66 67 68 69 70 71 72 63 75 76 96 77 78 79 80 81 82 73 74 85 95 86 87 89 90 91 92 84 83 93 94 97 88 98 99 
1 2 3 4 5 6 7 8 9 10 11 12 13 14 15 16 17 18 19 20 21 22 23 24 25 26 27 28 29 30 31 32 33 35 36 0 38 48 39 40 41 42 43 34 45 37 46 47 49 50 51 52 53 44 54 55 57 58 59 60 61 62 63 64 65 56 66 67 69 70 71 72 73 74 75 76 78 68 79 80 81 82 83 84 85 86 77 87 89 90 91 92 93 94 95 96 97 88 98 99 
1 2 3 4 5 6 7 8 9 10 11 12 13 14 15 16 17 18 19 20 21 22 23 24 25 26 27 28 29 30 31 32 33 34 35 36 37 38 39 40 41 42 43 44 45 46 47 0 60 49 51 52 53 54 55 56 57 48 58 50 61 62 63 64 65 66 77 67 59 68 71 72 73 74 75 76 87 69 80 70 81 82 83 84 85 86 78 79 88 89 91 92 93 94 95 96 97 98 99 90 
1 2 3 4 5 6 7 8 9 10 11 12 13 14 15 16 17 18 19 20 21 22 0 24 25 26 27 28 29 30 31 32 23 33 45 36 37 38 39 40 41 42 43 35 34 46 47 48 49 50 51 52 53 44 55 56 57 58 59 60 61 62 63 54 64 65 67 68 69 70 71 72 73 74 75 66 76 78 79 80 81 82 83 84 85 86 77 87 89 90 91 92 93 94 95 96 97 88 98 99 
1 2 3 4 5 6 7 8 9 10 11 12 13 14 15 16 17 18 19 20 21 22 23 24 25 26 27 28 29 30 31 32 33 34 35 36 37 38 39 40 41 42 43 44 45 46 47 48 49 50 51 52 53 54 55 56 57 58 59 60 61 62 73 63 75 65 67 68 69 70 71 72 83 64 74 66 77 78 79 80 81 82 84 94 85 76 86 87 89 90 91 92 93 95 0 96 97 88 98 99 
1 2 3 4 5 6 7 8 9 10 11 12 13 14 15 16 17 18 19 20 21 22 23 24 25 26 27 28 29 30 31 32 33 34 35 36 37 38 39 40 41 42 43 44 45 46 47 48 49 50 51 52 53 0 55 56 67 57 58 59 61 62 63 54 65 76 66 69 70 60 71 72 73 64 74 86 77 68 78 80 81 82 83 85 75 96 87 88 79 89 91 92 93 84 94 95 97 98 99 90 
1 2 3 4 5 6 7 8 9 10 11 12 13 14 15 16 17 18 19 20 21 22 23 24 25 26 27 28 29 30 31 32 33 34 35 36 37 38 39 40 41 42 43 44 45 46 47 48 49 50 51 52 53 54 55 56 57 58 59 60 61 62 63 64 65 66 67 68 69 70 81 71 72 74 75 76 77 78 79 80 91 73 0 83 95 85 86 98 88 89 92 82 93 84 94 96 87 97 99 90 
1 2 3 4 5 6 7 8 9 10 11 12 13 14 15 16 17 18 19 20 21 22 23 24 25 26 27 28 29 30 31 32 33 34 35 36 37 38 39 40 41 42 43 44 45 46 47 48 49 50 51 52 53 54 55 56 57 59 60 70 61 62 63 64 65 66 67 58 69 89 71 72 73 74 75 76 77 68 78 0 81 82 83 84 85 86 87 80 90 79 91 92 93 94 95 96 97 98 99 88 
1 2 3 4 5 6 7 8 9 10 11 12 13 14 15 16 17 18 19 20 21 22 23 24 25 27 0 28 29 30 31 32 33 35 36 26 37 38 39 40 41 42 43 34 45 46 47 48 49 50 51 52 53 44 55 56 57 58 59 60 61 63 64 54 65 66 67 68 69 70 71 62 73 74 75 76 77 88 78 79 81 72 94 93 84 86 97 87 90 80 91 82 92 83 85 95 96 98 89 99 
1 2 3 4 5 6 7 8 9 10 11 12 13 14 15 16 17 18 19 20 21 22 23 24 25 26 27 28 29 30 31 32 33 34 35 36 37 38 39 40 41 43 0 44 46 47 57 48 49 50 51 42 53 54 45 56 55 58 59 60 61 52 63 64 75 65 67 68 69 70 71 62 72 73 74 66 76 77 78 80 81 82 83 84 85 86 87 88 79 89 91 92 93 94 95 96 97 98 99 90 
1 2 3 4 5 6 7 8 9 10 11 12 13 14 15 16 17 18 19 20 21 22 23 24 25 26 27 28 29 30 31 32 33 34 35 36 37 38 40 60 41 42 43 44 45 46 48 49 39 59 51 52 53 54 55 56 47 58 57 50 61 62 63 64 65 66 67 0 69 70 71 72 73 74 75 76 77 68 79 80 81 82 83 84 85 86 87 78 89 90 91 92 93 94 95 96 97 88 98 99 
1 2 3 4 5 6 7 8 9 10 11 12 13 14 15 16 17 18 19 20 21 22 23 24 25 26 27 28 29 30 31 32 33 34 35 36 37 38 39 40 41 42 43 44 46 47 48 58 49 50 51 52 53 55 45 56 57 68 59 60 61 62 64 54 65 66 67 77 80 69 71 72 63 73 75 76 87 88 78 70 81 82 83 74 86 95 97 98 79 89 91 92 93 84 94 85 96 99 0 90 
1 2 3 4 5 6 7 8 9 10 11 12 13 14 15 16 17 18 19 20 21 22 23 24 25 26 27 28 29 30 31 32 33 34 35 36 37 38 39 40 41 42 43 44 45 46 47 48 49 50 51 52 53 54 55 56 67 57 58 0 61 62 63 64 65 66 77 68 69 59 71 72 73 74 75 86 76 78 70 60 81 82 83 84 85 96 87 80 99 79 91 92 93 94 95 97 98 88 90 89 
1 2 3 4 5 6 7 8 9 10 11 12 13 14 15 16 17 18 19 20 21 22 23 24 25 26 27 28 39 29 31 32 33 34 35 36 37 38 50 30 41 42 43 44 45 46 57 47 40 59 51 52 53 54 55 56 58 49 48 60 61 62 73 63 64 66 67 88 68 69 71 72 0 74 65 86 76 77 79 70 81 82 83 84 75 85 98 89 78 80 91 92 93 94 95 96 87 97 99 90 
1 2 3 4 5 6 7 8 9 10 11 12 13 14 15 16 17 18 19 20 21 22 23 24 25 26 27 28 29 30 31 32 33 34 35 36 37 38 39 40 41 42 43 44 45 46 47 49 50 60 51 52 53 54 55 56 57 48 59 80 61 62 63 64 65 67 76 58 70 89 71 72 73 0 74 66 87 68 78 69 81 82 83 84 75 85 86 79 77 88 91 92 93 94 95 96 97 98 99 90 
1 2 3 4 5 6 7 9 18 10 11 12 13 14 15 16 17 28 8 20 21 22 23 24 25 36 26 37 19 29 31 32 33 34 35 0 38 27 39 30 41 42 43 44 45 46 47 48 49 40 51 52 53 54 55 56 57 58 59 50 61 62 63 64 65 66 67 68 69 60 71 72 73 74 75 76 77 78 79 70 81 82 83 84 85 86 87 88 90 80 91 92 93 94 95 96 97 98 89 99 
1 2 3 4 5 6 7 8 9 10 11 12 13 14 15 16 17 18 19 20 21 22 23 24 25 26 27 28 29 30 31 32 33 34 35 36 37 38 39 40 41 42 43 44 45 46 47 48 49 50 51 52 53 54 55 56 57 58 59 60 61 62 63 64 65 66 67 68 69 70 71 72 83 73 84 0 77 89 78 80 81 82 75 74 85 76 87 88 79 90 91 92 93 94 95 86 96 97 98 99 
1 2 3 4 5 6 7 8 9 10 11 12 13 14 15 16 17 18 19 20 21 22 23 24 25 26 27 28 29 30 31 32 33 34 35 36 37 38 39 40 41 42 43 44 45 46 47 48 49 0 51 52 53 54 55 56 57 58 59 50 61 62 63 64 65 66 67 68 69 60 71 72 73 74 75 76 77 78 90 70 81 82 83 84 85 86 87 89 80 79 91 92 93 94 95 96 97 88 98 99 
1 2 3 4 5 6 7 8 9 10 21 11 13 14 15 16 17 18 19 20 0 12 22 33 23 25 27 28 29 30 31 32 34 35 24 26 36 38 39 40 41 42 43 44 45 46 37 47 49 50 51 52 53 54 55 56 68 48 58 60 61 62 63 64 65 66 69 57 59 70 71 72 73 74 85 75 67 78 79 80 81 82 83 84 76 87 77 96 89 90 91 92 93 94 95 86 97 88 98 99 
1 2 3 4 5 16 6 8 9 10 11 12 13 24 14 26 7 18 19 20 21 22 23 34 15 25 17 28 29 30 31 32 43 33 35 36 27 37 39 40 41 42 53 44 45 46 57 38 49 50 51 62 52 54 55 47 56 48 59 60 61 63 73 64 65 66 67 58 79 69 71 72 83 75 0 76 77 68 78 70 81 82 84 74 85 86 87 88 89 80 91 92 93 94 95 96 97 98 99 90 
1 2 3 4 5 6 7 8 9 10 11 12 13 14 15 16 17 18 19 20 21 22 23 24 25 26 27 28 29 30 31 32 33 34 35 36 37 38 39 40 41 42 43 44 45 46 47 48 49 50 51 52 53 54 55 56 57 58 59 60 71 61 63 74 75 65 66 68 69 70 81 62 64 73 85 76 67 78 79 80 0 72 82 83 84 86 77 87 89 90 91 92 93 94 95 96 97 88 98 99 
1 2 3 4 5 6 7 8 9 10 11 12 13 14 15 16 17 18 19 20 21 22 23 24 25 26 27 28 29 30 31 32 33 34 35 36 37 38 39 40 41 42 43 44 0 45 47 48 49 50 51 52 53 54 55 46 56 58 79 59 61 62 63 64 65 66 57 67 68 60 71 72 73 74 75 86 77 76 78 69 81 82 83 84 85 96 87 90 70 80 91 92 93 94 95 97 98 88 89 99 
1 12 2 4 5 6 7 8 9 10 11 3 13 14 15 16 17 18 19 20 21 22 23 24 36 25 27 28 29 30 31 32 34 35 26 37 47 38 39 40 41 42 33 44 45 46 48 49 59 0 51 52 43 53 55 56 57 58 60 50 61 62 63 54 64 65 67 68 69 70 71 72 73 74 75 66 76 77 88 80 81 82 83 84 85 86 87 79 78 89 91 92 93 94 95 96 97 98 99 90 
11 1 2 3 5 6 7 8 9 10 21 12 13 4 14 16 17 18 19 20 31 23 0 24 15 26 27 28 29 30 32 22 33 34 25 36 47 37 39 40 41 42 43 44 35 45 46 38 48 49 51 52 53 54 55 56 57 58 59 50 61 62 63 64 65 66 67 68 69 60 71 72 73 74 75 76 77 78 79 70 81 82 83 84 85 86 87 88 90 80 91 92 93 94 95 96 97 98 89 99 
1 2 3 4 5 6 7 8 9 10 11 12 13 14 15 16 17 18 19 20 21 22 23 24 25 26 27 28 29 30 31 32 33 34 35 36 37 38 39 40 41 42 43 44 45 46 47 48 49 50 51 52 53 54 55 56 57 58 59 60 61 62 63 64 65 66 67 68 69 70 72 81 83 73 74 76 77 78 79 80 71 92 82 84 85 0 98 97 88 90 91 93 94 95 75 87 86 96 89 99 
1 2 3 4 5 6 7 8 9 10 11 12 13 14 15 16 17 18 19 20 21 22 23 24 25 27 28 29 30 0 31 32 33 34 35 26 37 47 39 40 41 42 43 44 46 36 48 38 49 50 51 52 53 55 45 56 57 58 59 60 61 62 63 54 64 65 66 67 69 70 71 72 73 74 75 76 77 68 79 80 81 82 83 84 85 86 87 78 88 90 91 92 93 94 95 96 97 98 89 99 
1 0 2 4 5 6 7 8 9 10 11 12 3 14 15 16 17 18 19 20 21 23 13 24 25 26 27 28 29 30 31 22 32 34 35 36 37 38 39 40 41 42 33 44 45 46 47 48 49 50 51 52 43 53 54 57 67 58 59 60 61 73 63 64 55 66 56 68 69 70 71 62 72 74 65 75 76 77 79 80 81 82 83 84 85 86 87 78 88 90 91 92 93 94 95 96 97 98 89 99 
1 2 3 4 5 6 7 8 9 10 11 12 13 14 15 16 17 18 19 20 21 22 23 24 25 26 27 28 29 30 31 32 33 34 35 36 37 38 39 40 41 42 43 44 45 46 47 48 49 50 51 52 53 54 55 56 57 58 59 60 61 62 63 64 65 66 68 78 69 70 71 72 73 74 75 76 67 0 79 80 81 82 83 84 85 86 77 87 90 98 91 92 93 94 95 96 97 89 99 88 
1 2 3 4 5 6 7 8 9 10 11 12 13 14 15 26 16 17 28 29 21 22 23 24 25 27 0 20 18 19 31 32 33 34 35 36 37 38 39 30 41 42 43 44 45 46 47 48 50 40 51 52 53 54 55 56 57 58 49 59 61 62 63 64 65 66 67 68 69 60 71 72 73 74 75 76 77 78 79 70 81 82 83 84 85 86 87 88 89 80 91 92 93 94 95 96 97 98 99 90 
1 2 3 4 5 6 7 8 9 10 11 12 13 14 15 16 17 18 19 20 21 22 23 24 25 26 27 28 29 30 31 32 33 34 35 36 38 48 50 39 41 42 43 44 45 46 37 49 59 40 51 52 53 54 55 56 47 58 69 60 61 62 63 64 65 66 57 67 88 70 71 72 73 74 75 76 77 68 0 78 81 82 83 84 85 86 87 79 89 80 91 92 93 94 95 96 97 98 99 90 
1 2 3 4 5 6 7 8 9 10 11 12 13 14 15 16 17 18 19 20 21 22 23 24 25 26 27 28 29 30 31 32 33 34 45 35 36 37 38 39 41 42 43 44 55 46 47 48 49 40 51 62 52 53 54 0 57 58 60 50 61 72 63 64 65 56 67 68 59 70 71 73 74 75 76 66 77 79 69 80 81 82 83 84 85 86 87 78 88 89 91 92 93 94 95 96 97 98 99 90 
1 2 3 4 5 6 7 8 9 10 11 12 13 14 15 16 17 0 18 19 21 22 23 24 25 26 27 28 29 20 31 32 33 34 35 36 37 39 40 30 41 42 43 44 45 46 47 38 49 50 51 52 53 54 55 56 57 48 58 60 61 62 63 64 65 66 67 69 59 70 71 72 73 74 75 76 77 68 79 80 81 82 83 84 85 86 87 78 89 90 91 92 93 94 95 96 97 88 98 99 
1 2 3 4 5 6 7 8 9 10 11 0 13 14 15 16 17 18 19 20 31 12 21 24 25 26 27 28 29 30 32 23 22 44 35 36 37 38 39 40 41 42 34 43 45 46 47 48 49 50 51 52 54 33 55 56 57 58 59 60 61 62 53 64 65 66 67 68 69 70 71 72 63 84 74 76 77 78 79 80 81 82 73 83 75 86 87 98 88 89 91 92 93 94 85 95 96 97 99 90 
1 2 3 5 15 6 7 8 9 10 11 12 13 14 4 16 17 18 19 20 21 22 23 25 0 26 27 28 29 30 31 32 33 24 34 36 37 38 39 40 41 42 43 44 35 46 47 48 49 50 51 52 53 54 45 55 56 58 59 60 61 62 63 64 65 67 57 68 69 70 71 72 84 83 74 66 77 88 78 80 81 82 73 94 85 75 86 98 79 90 91 92 93 95 96 76 87 97 89 99 
1 2 3 4 5 6 7 8 9 10 11 12 13 14 16 17 27 18 19 20 21 22 23 24 15 26 28 0 29 30 31 32 33 34 25 35 37 38 39 40 41 42 43 44 45 36 46 48 49 50 51 52 53 54 55 57 47 58 59 60 61 62 63 64 65 56 67 68 69 70 71 72 73 74 75 66 77 78 79 80 81 82 83 84 95 76 87 88 89 90 91 92 93 94 96 85 97 86 98 99 
1 2 3 4 5 6 7 8 9 10 11 12 13 14 15 16 17 18 19 20 21 22 23 24 25 26 27 29 30 0 31 32 33 34 35 36 37 28 38 39 41 42 43 44 45 46 47 48 50 40 51 52 53 54 55 56 57 58 49 59 61 62 63 64 65 66 67 69 70 60 71 72 73 74 75 76 77 68 79 80 81 82 83 84 85 86 87 78 88 89 91 92 93 94 95 96 97 98 99 90 
1 2 3 4 5 6 7 8 9 10 11 12 13 14 15 16 17 18 20 29 21 22 23 24 25 26 27 28 19 30 31 32 33 34 35 36 37 38 39 40 41 42 43 44 45 46 47 48 59 49 51 52 53 54 55 56 57 58 70 50 61 62 63 64 65 66 67 68 69 60 71 72 73 74 75 76 0 77 78 79 81 82 83 84 85 86 87 88 89 80 91 92 93 94 95 96 97 98 99 90 
1 2 3 4 5 6 7 8 9 10 11 12 13 14 15 16 27 17 0 20 21 22 23 24 25 26 19 18 28 30 31 32 33 34 35 36 37 39 29 40 41 42 43 44 45 46 47 38 49 50 51 52 53 54 55 56 58 48 59 60 61 62 63 64 65 66 57 67 69 70 71 72 73 74 75 76 77 68 79 80 81 82 83 84 85 86 87 78 88 89 91 92 93 94 95 96 97 98 99 90 
1 2 3 4 5 6 7 8 9 10 11 12 13 14 15 16 17 18 19 20 21 22 23 24 25 26 27 28 29 30 31 32 33 34 35 36 37 38 39 40 41 42 43 44 45 0 47 48 49 50 51 52 53 54 55 46 56 57 58 59 61 62 63 75 65 76 66 67 69 60 71 72 73 64 74 85 77 68 78 70 81 82 83 84 86 87 88 98 79 80 91 92 93 94 95 96 97 99 89 90 
1 2 3 4 5 6 7 8 9 10 11 12 13 14 15 16 17 18 19 20 21 22 23 24 25 26 27 28 29 0 31 32 33 34 35 36 37 48 39 30 41 42 43 44 45 46 47 50 38 40 51 52 53 54 55 56 57 58 49 59 61 62 63 64 65 66 68 69 70 60 71 72 73 74 75 76 67 77 78 80 81 82 83 84 85 86 87 88 79 90 91 92 93 94 95 96 97 98 89 99 
1 2 3 4 5 6 7 8 9 10 11 12 13 14 15 16 17 18 19 20 21 22 23 24 25 26 27 28 29 30 31 32 33 34 45 35 37 38 39 40 41 42 43 44 55 36 46 48 49 50 51 52 53 54 65 56 47 57 58 59 61 62 63 64 75 66 67 69 70 60 71 72 73 74 85 76 80 68 89 79 81 82 83 84 0 86 77 78 99 88 91 92 93 94 95 96 87 97 98 90 
1 2 3 4 5 6 7 8 9 10 11 12 13 14 15 16 17 18 19 20 21 22 23 24 25 26 27 28 29 30 31 32 33 34 35 36 37 38 39 40 41 42 43 44 45 46 47 48 49 50 51 52 53 54 55 56 57 58 59 60 61 62 63 0 65 67 77 68 69 70 71 72 73 64 74 66 86 78 79 80 81 82 83 84 75 85 76 88 89 90 91 92 93 94 95 96 87 97 98 99 
1 2 3 4 5 6 7 8 9 10 11 12 13 14 15 16 17 18 19 20 21 22 23 24 25 26 27 28 29 30 31 32 33 34 35 36 37 38 39 40 41 42 43 44 45 46 47 48 49 50 51 52 53 54 55 56 57 58 59 60 61 62 63 64 65 66 67 68 69 70 71 72 73 74 75 76 77 78 79 80 91 92 81 83 84 85 87 88 89 90 82 0 93 94 95 86 96 97 98 99 
1 2 3 4 5 6 7 8 9 10 11 12 13 14 15 16 17 18 19 20 21 22 23 24 25 26 27 28 29 30 31 32 33 34 35 36 37 38 39 40 41 42 43 44 45 46 47 48 49 50 51 52 53 54 55 56 57 58 59 60 61 62 63 64 65 66 77 67 69 70 71 72 73 74 75 76 68 88 78 80 81 82 83 94 84 85 97 89 87 90 91 92 93 95 86 0 96 98 79 99 
0 2 3 4 26 5 6 7 8 10 1 11 12 24 14 16 17 18 9 20 21 22 13 23 15 25 27 28 19 29 31 32 33 34 35 36 37 38 39 30 41 42 43 44 45 46 47 48 49 40 51 52 53 54 55 56 57 58 59 50 61 62 63 64 65 66 67 68 69 60 71 72 73 74 75 76 77 78 79 70 81 82 83 84 85 86 87 88 89 80 91 92 93 94 95 96 97 98 99 90 
1 2 3 4 5 6 7 8 9 10 11 12 13 14 15 16 17 18 19 20 21 22 23 0 25 26 27 28 29 30 31 32 33 24 35 36 37 38 39 40 41 42 43 34 44 46 48 49 59 50 51 52 53 54 45 56 47 57 60 70 61 62 63 64 55 66 67 58 68 80 71 72 73 74 65 76 77 78 79 69 81 82 83 84 75 97 96 87 89 90 91 92 93 94 85 95 86 88 98 99 
1 2 3 4 5 6 7 8 9 10 11 12 13 14 15 16 17 18 19 20 21 22 23 24 25 26 27 28 29 30 31 32 33 0 34 36 37 38 39 40 42 52 43 44 35 46 47 48 49 50 51 41 53 54 45 55 57 58 59 60 61 62 74 63 65 56 67 68 69 70 72 73 64 75 84 66 77 78 79 80 71 81 82 83 86 76 97 87 89 90 91 92 93 94 85 95 96 88 98 99 
1 2 3 4 5 6 7 8 9 10 11 12 13 14 15 16 17 18 19 20 21 22 23 24 25 26 27 28 29 30 31 32 33 34 35 36 37 38 39 40 41 42 43 44 45 46 47 48 49 50 51 52 53 54 55 56 57 58 59 60 61 62 63 64 65 77 66 68 79 69 0 73 82 84 74 75 67 78 70 80 71 81 72 83 85 76 86 87 89 99 91 92 93 94 95 96 97 88 90 98 
1 2 3 4 5 6 7 8 9 10 11 12 13 14 15 16 17 18 19 20 21 22 23 24 25 26 27 28 30 40 31 32 33 34 35 36 37 38 0 29 41 42 43 44 45 57 56 49 39 50 51 52 53 54 55 46 67 47 48 58 61 62 63 64 65 66 68 78 70 60 71 72 73 74 75 76 77 69 59 80 81 82 83 84 85 86 87 88 79 90 91 92 93 94 95 96 97 98 89 99 
1 2 3 4 5 6 7 8 9 10 11 12 13 14 15 16 17 18 19 20 21 22 23 24 25 26 27 28 29 30 31 32 33 34 35 36 38 59 39 40 41 42 43 44 45 46 37 49 68 50 51 52 53 54 55 57 48 47 58 0 61 62 63 64 65 56 66 67 70 60 71 72 73 74 75 76 87 78 69 79 81 82 83 84 85 77 86 88 89 80 91 92 93 94 95 96 97 98 99 90 
1 2 0 4 5 6 7 8 9 10 11 12 3 13 24 16 17 18 19 20 21 22 23 15 14 25 27 28 29 30 31 32 33 34 35 26 47 37 38 40 41 42 43 44 45 36 57 49 39 50 51 52 53 54 55 46 56 48 59 60 61 62 63 64 65 66 67 58 68 70 71 72 73 74 75 76 77 78 69 80 81 82 83 84 85 86 87 88 79 89 91 92 93 94 95 96 97 98 99 90 
1 2 3 4 5 6 7 10 18 19 11 12 13 14 15 16 17 0 8 9 21 22 23 24 25 26 27 28 39 20 31 32 33 34 35 36 37 38 30 29 41 42 43 44 45 46 47 48 49 40 51 52 53 54 55 56 57 58 60 50 61 62 63 64 65 66 77 68 59 69 71 72 73 74 75 76 78 67 80 70 81 82 83 84 85 86 87 88 79 90 91 92 93 94 95 96 97 98 89 99 
1 2 3 4 5 6 7 8 9 10 11 12 13 14 15 16 17 18 19 20 21 22 23 24 25 26 27 28 29 30 31 32 33 34 35 36 37 38 39 40 41 42 43 44 45 46 47 48 49 50 51 52 53 54 55 56 57 58 59 60 61 62 63 64 65 66 67 68 69 70 71 72 73 74 75 76 78 87 89 79 81 82 83 84 85 86 0 77 98 80 91 92 93 94 95 96 97 99 88 90 
1 2 3 4 5 6 7 18 9 10 11 12 13 14 15 16 27 19 8 0 21 22 23 24 25 26 37 28 30 20 31 32 33 34 35 36 38 48 17 39 41 42 43 44 45 46 47 49 29 40 51 52 53 54 55 56 57 58 59 50 61 62 63 64 65 66 67 68 69 60 71 72 73 74 75 76 77 78 79 70 81 82 83 84 85 86 87 88 89 80 91 92 93 94 95 96 97 98 99 90 
1 2 3 4 5 6 7 8 9 10 11 12 13 14 15 16 17 18 19 20 21 22 23 24 25 26 27 28 29 30 31 32 33 34 35 36 37 38 39 40 41 42 43 44 45 46 47 48 49 50 51 52 53 54 55 56 57 58 59 60 61 62 63 64 75 65 66 67 68 69 71 72 73 74 85 76 77 78 79 70 81 82 83 84 95 86 98 89 80 90 91 92 93 94 96 97 88 0 87 99 
1 2 3 4 5 6 7 8 9 10 11 12 13 14 15 16 17 18 19 20 21 22 23 24 25 26 27 28 29 30 31 32 33 34 35 36 47 37 38 40 41 42 43 44 45 46 57 48 39 50 51 52 53 54 55 56 67 58 49 60 61 62 63 64 65 66 77 68 59 70 71 72 73 74 75 0 76 78 69 89 81 82 83 84 85 86 87 88 99 79 91 92 93 94 95 96 97 98 90 80 
1 2 3 4 5 6 7 8 9 10 11 12 13 14 15 16 17 18 19 20 21 22 23 24 25 26 27 28 29 30 31 32 33 34 35 36 37 38 39 40 41 42 43 44 45 46 47 48 49 50 51 52 53 64 54 55 57 58 59 60 61 62 73 63 65 56 67 68 69 70 81 71 72 74 75 66 77 78 79 80 91 82 83 84 85 76 86 87 88 89 92 0 93 94 95 96 97 98 99 90 
1 2 3 4 5 6 7 8 9 10 11 12 13 14 15 16 17 18 19 20 21 22 23 24 25 26 27 28 29 30 31 32 33 34 35 36 37 38 39 40 41 42 43 44 45 56 46 47 49 50 51 62 0 53 54 57 67 48 59 60 61 63 52 64 55 65 66 58 68 69 71 72 73 74 75 76 77 78 80 70 81 82 83 84 85 86 87 88 79 90 91 92 93 94 95 96 97 98 89 99 
1 2 3 4 5 6 7 8 9 10 11 12 13 14 15 16 17 18 19 20 21 22 23 0 25 26 27 28 29 30 31 32 44 24 34 36 37 38 39 40 41 42 33 43 35 45 47 48 49 50 51 52 53 54 55 46 57 58 59 60 61 62 63 64 66 56 67 68 69 70 71 72 73 74 65 86 77 88 78 80 81 82 83 85 76 75 97 87 79 90 91 92 93 84 94 95 96 98 89 99 
1 2 3 4 5 6 7 8 9 10 11 12 13 14 15 16 17 18 19 20 21 22 23 24 0 25 27 28 29 30 31 32 33 35 45 26 37 38 39 40 41 42 43 34 36 44 47 48 49 50 51 52 53 65 67 46 56 58 59 60 61 62 63 75 54 66 57 68 69 70 71 72 73 55 64 76 77 78 89 79 81 82 83 74 84 86 87 98 88 80 91 92 93 94 85 95 96 97 99 90 
1 2 3 4 5 6 7 8 9 10 11 12 13 14 15 16 17 18 19 20 21 22 23 24 25 26 27 28 29 30 31 32 33 34 35 36 37 38 39 40 41 42 43 44 45 46 57 47 48 50 51 52 53 54 55 56 58 68 49 60 61 62 63 64 65 67 80 59 70 90 71 72 73 74 75 66 76 77 69 99 81 82 83 84 85 86 87 78 79 0 91 92 93 94 95 96 97 88 98 89 
1 2 3 4 5 6 7 8 9 10 11 12 13 14 15 16 17 18 19 20 21 22 23 24 25 26 27 28 29 30 31 32 33 34 35 36 37 38 39 40 41 42 43 44 45 46 47 48 49 50 51 52 53 54 55 56 57 58 69 59 61 62 63 64 0 65 77 67 68 60 71 72 73 74 75 66 76 88 79 78 81 82 83 84 85 86 87 89 80 70 91 92 93 94 95 96 97 98 99 90 
1 2 3 4 5 6 7 8 9 10 11 12 13 14 15 16 17 18 19 20 21 22 23 24 25 26 27 28 29 30 31 32 33 34 35 36 37 38 39 40 41 42 43 44 45 46 47 48 49 50 51 52 53 54 55 56 57 58 59 60 61 62 63 64 65 66 78 68 69 70 71 72 73 74 75 86 67 77 89 79 81 82 83 84 85 87 76 98 0 80 91 92 93 94 95 96 97 99 88 90 
1 2 3 4 5 6 7 8 9 10 11 12 13 14 15 16 17 18 19 20 21 22 23 24 25 26 27 28 29 30 31 32 33 34 35 36 37 38 39 40 41 42 43 44 45 46 47 48 49 50 51 52 53 54 55 56 57 58 59 60 61 62 63 64 65 66 67 68 79 69 71 72 73 74 85 75 77 78 70 80 81 82 83 84 95 76 87 88 99 89 91 92 93 94 86 96 0 97 98 90 
1 2 3 4 5 6 7 8 9 10 11 12 13 14 15 16 17 18 19 20 21 22 23 24 25 26 27 28 29 30 31 32 33 34 35 36 37 38 39 40 41 42 43 44 45 46 47 48 49 50 51 52 53 54 57 55 67 58 59 60 61 62 63 64 65 56 66 68 69 70 71 72 73 84 74 75 77 78 79 80 81 82 83 85 0 76 86 98 88 90 91 92 93 94 95 96 87 97 89 99 
1 2 3 4 5 6 7 8 9 10 11 12 13 14 15 16 17 18 19 20 21 22 23 24 25 26 27 28 29 30 31 32 33 34 35 36 37 38 39 40 41 42 43 44 45 46 47 48 49 50 51 52 53 54 55 56 57 58 59 60 61 62 63 64 66 67 87 68 0 69 71 72 73 74 65 76 86 77 79 70 81 82 83 84 75 85 97 78 89 80 91 92 93 94 95 96 98 99 88 90 
1 2 3 4 5 6 7 18 8 10 11 12 13 14 15 16 17 29 9 20 21 22 23 24 25 27 37 0 19 30 31 32 33 34 35 26 38 28 39 40 41 42 43 44 45 36 47 48 49 50 51 52 53 54 55 46 67 57 58 70 61 62 63 64 65 56 66 69 60 59 71 72 73 74 75 76 77 68 78 80 81 82 83 84 85 86 87 98 79 89 91 92 93 94 95 96 97 99 88 90 
1 2 3 4 5 6 7 8 9 10 11 12 13 0 15 16 17 18 19 20 21 22 23 14 25 26 27 28 29 30 31 32 33 24 34 36 37 39 48 40 41 42 43 44 35 55 46 38 49 50 51 52 53 65 64 45 77 57 59 60 61 62 63 54 67 56 47 58 69 70 71 72 73 74 75 66 76 68 78 80 81 82 83 84 85 86 87 99 79 89 91 92 93 94 95 96 97 88 98 90 
1 2 3 4 5 6 7 8 9 10 11 12 13 14 15 16 17 18 29 19 21 22 23 24 25 26 27 28 0 20 31 32 33 34 35 36 37 38 39 30 41 42 43 44 45 46 47 48 50 40 51 52 53 54 55 56 57 58 49 59 61 62 63 64 65 66 67 78 68 60 71 72 73 74 75 76 77 79 70 69 81 82 83 84 85 86 87 88 89 80 91 92 93 94 95 96 97 98 99 90 
1 2 3 4 5 6 9 18 19 10 11 12 13 14 15 16 17 7 8 20 21 22 23 24 25 26 27 28 29 30 31 32 33 34 35 36 48 37 39 40 41 42 43 44 45 46 0 38 49 50 51 52 53 54 55 56 47 58 59 60 61 62 63 64 65 66 57 68 69 70 71 72 73 74 75 76 67 77 79 80 81 82 83 84 85 86 87 78 88 90 91 92 93 94 95 96 97 98 89 99 
1 2 3 4 5 6 7 8 9 10 11 12 13 14 15 16 17 18 19 20 21 22 23 24 25 26 27 28 29 30 31 32 33 34 35 36 37 38 39 40 51 41 54 43 45 46 47 48 49 50 52 44 42 63 55 56 57 58 59 60 61 62 53 64 65 66 67 68 69 70 71 72 73 74 75 76 77 78 79 80 81 82 83 94 84 85 87 98 88 90 91 92 93 95 0 86 96 97 89 99 
1 2 3 4 5 6 7 8 9 10 11 12 13 14 15 16 17 18 19 20 21 22 23 24 25 26 27 28 29 30 31 32 33 34 35 36 37 38 39 40 41 42 43 44 45 46 47 48 49 50 51 52 53 54 55 56 57 58 59 60 61 62 63 64 65 66 68 79 70 80 71 72 73 74 75 76 67 69 88 78 81 82 83 84 85 86 77 0 87 90 91 92 93 94 95 96 97 98 89 99 
1 2 3 4 5 6 7 28 0 9 11 12 13 14 15 16 17 8 19 10 21 22 23 24 25 26 27 18 30 20 31 32 33 34 35 36 38 39 29 40 41 42 43 44 45 46 37 47 49 50 51 52 53 54 55 56 57 48 59 60 61 62 63 64 65 66 67 58 69 70 71 72 73 74 75 76 77 68 78 80 81 82 83 84 85 86 87 88 79 90 91 92 93 94 95 96 97 98 89 99 
1 2 3 4 5 6 7 8 9 10 11 12 13 14 15 16 17 18 19 20 21 22 23 24 25 26 27 28 29 30 31 32 33 34 35 36 0 38 39 40 41 42 43 44 45 47 37 48 49 50 51 52 53 54 55 46 56 57 60 70 61 62 63 64 65 66 67 58 69 59 71 72 73 74 75 76 77 68 78 80 81 82 83 84 85 86 97 88 89 90 91 92 93 94 95 96 98 79 87 99 
1 2 3 4 15 5 6 7 9 10 11 12 13 14 16 26 28 8 18 20 21 22 23 24 25 36 17 27 19 39 31 32 33 34 35 0 37 38 30 29 41 42 43 44 45 46 47 48 60 40 51 52 53 54 55 56 57 58 50 49 61 62 63 64 65 66 67 68 59 70 71 72 73 74 75 76 77 78 69 79 81 82 83 84 85 86 87 88 89 80 91 92 93 94 95 96 97 98 99 90 
1 2 3 4 5 6 7 8 9 10 11 12 13 14 15 16 17 18 19 20 21 22 23 24 25 26 27 28 29 30 31 32 33 34 35 36 37 38 39 40 41 42 43 44 45 46 47 48 49 50 51 52 53 54 55 56 57 58 59 60 61 62 63 64 75 65 66 67 68 70 71 72 73 74 85 77 78 89 69 80 81 82 83 84 0 76 87 88 79 99 91 92 93 94 86 95 96 97 90 98 
1 2 3 4 5 6 7 8 9 10 11 12 13 14 15 16 17 18 19 20 21 22 23 24 25 26 27 28 29 30 31 32 33 34 35 36 37 38 39 40 41 42 43 44 45 46 47 48 49 50 51 52 53 54 55 56 59 57 69 60 61 62 63 64 65 66 58 67 70 80 71 72 73 74 75 76 77 68 79 89 81 82 83 84 85 86 87 78 0 99 91 92 93 94 95 96 97 88 98 90 
1 2 3 4 5 6 7 8 9 10 11 12 13 14 15 16 17 18 19 20 21 22 23 24 25 26 27 28 30 0 31 32 33 34 35 36 37 38 29 39 41 42 43 44 45 46 47 48 50 40 51 52 53 54 55 56 57 58 49 60 61 62 63 64 65 66 67 68 59 80 71 72 73 74 75 76 77 78 79 69 81 82 83 84 85 86 87 88 89 70 91 92 93 94 95 96 97 98 99 90 
1 2 3 4 5 6 7 8 9 10 11 12 13 14 15 16 17 18 19 20 21 22 23 24 25 26 27 28 29 30 41 31 33 34 35 36 37 38 39 40 51 32 42 44 45 46 47 48 49 50 62 63 43 53 54 55 57 58 59 60 61 73 72 64 65 56 66 67 68 69 71 52 0 74 75 76 77 78 79 70 81 82 83 84 85 86 87 88 89 80 91 92 93 94 95 96 97 98 99 90 
1 2 3 4 5 6 7 8 9 10 11 12 13 14 15 16 17 18 19 20 21 22 23 24 25 26 27 28 29 30 31 32 33 34 35 36 37 38 39 40 41 42 43 44 45 46 47 48 59 49 51 52 53 54 55 56 57 68 58 50 61 62 63 64 65 66 78 88 69 60 71 72 73 75 84 76 0 67 80 70 81 82 83 74 85 87 77 98 99 89 91 92 93 94 95 86 96 79 97 90 
1 2 3 4 5 6 7 8 9 10 11 12 13 14 15 16 17 18 19 20 21 22 23 24 25 26 27 28 29 30 31 32 33 34 35 36 37 38 39 40 41 42 43 44 45 46 47 48 49 50 51 52 53 54 55 66 58 59 69 60 61 62 63 64 65 76 57 56 68 70 71 72 73 75 0 86 67 77 79 80 81 82 84 74 85 96 87 78 88 90 91 92 83 93 94 95 97 98 89 99 
1 2 3 4 5 6 7 8 9 10 11 12 13 14 15 16 17 18 19 20 21 22 23 24 25 26 27 28 29 30 31 32 33 34 35 36 37 38 39 40 41 42 43 44 45 46 47 48 49 50 51 52 53 54 55 56 57 58 59 60 61 63 73 64 65 67 77 68 69 70 71 62 75 76 66 0 87 78 79 80 91 72 82 74 94 85 86 88 99 89 92 81 83 93 84 95 96 97 98 90 
1 2 3 4 5 6 7 8 9 10 11 12 13 14 15 16 17 18 19 20 21 22 23 24 25 36 26 27 29 30 31 32 33 34 35 46 37 28 38 40 41 42 43 44 45 66 56 48 39 49 51 52 53 64 54 55 47 57 58 50 61 62 63 74 65 76 67 68 69 60 71 72 73 84 75 86 77 59 79 70 81 82 83 0 85 96 87 78 89 80 91 92 93 94 95 97 98 88 99 90 
1 2 3 4 5 6 7 8 9 10 11 12 13 14 15 16 17 18 19 20 21 22 23 24 25 26 27 28 29 30 31 32 33 34 35 36 37 38 39 40 41 52 42 43 45 46 47 48 49 50 51 62 53 44 54 56 57 58 59 60 61 0 63 65 55 66 67 68 69 70 81 71 72 64 75 76 77 78 79 80 91 82 73 74 94 95 85 97 89 90 92 93 86 83 84 96 88 87 98 99 
1 2 3 4 5 6 7 8 9 10 11 12 13 14 15 16 17 18 19 20 21 22 23 24 25 26 27 28 29 30 31 32 33 34 35 36 37 38 39 40 41 42 43 44 45 46 47 48 49 50 51 52 53 55 66 65 57 58 59 60 61 62 63 74 64 56 67 77 69 70 71 72 83 73 54 75 79 68 89 80 81 82 84 0 85 76 86 78 98 90 91 92 93 94 95 96 87 97 88 99 
1 2 3 4 5 6 7 8 9 10 11 12 13 14 15 16 17 18 19 20 21 22 23 24 25 26 27 28 29 30 31 32 33 34 35 36 37 38 39 40 41 42 43 44 45 46 47 48 49 50 51 52 53 54 0 56 57 58 59 60 61 62 63 64 55 66 67 68 69 70 71 72 73 74 65 76 77 78 79 80 81 82 83 84 75 86 87 88 97 90 91 92 93 94 85 95 96 98 89 99 
1 2 3 4 5 6 7 8 9 10 11 12 13 14 15 16 17 18 19 20 21 22 23 24 25 26 27 28 29 30 31 32 33 34 35 36 37 38 39 40 41 42 43 44 45 46 47 48 49 50 51 52 53 54 55 56 57 58 59 60 61 62 63 64 76 65 67 0 70 80 71 72 73 84 74 66 77 68 69 89 81 82 83 95 94 85 88 78 79 90 91 92 93 75 96 97 87 86 98 99 
1 2 3 4 5 6 7 8 9 10 11 12 13 14 15 16 17 18 19 20 21 22 23 24 25 26 27 28 29 30 31 32 33 34 35 36 37 38 39 40 41 42 43 64 44 45 47 0 49 50 51 52 53 54 46 66 58 48 59 60 61 62 63 55 75 57 56 67 69 70 71 72 73 74 76 65 78 68 79 80 81 82 83 84 85 86 77 87 99 89 91 92 93 94 95 96 97 88 98 90 
1 2 3 4 5 6 7 8 9 10 11 12 13 14 15 16 17 18 19 20 21 22 23 24 25 26 27 28 29 30 31 32 33 34 35 36 37 38 39 40 41 42 43 44 45 47 58 57 48 50 51 52 53 0 55 46 67 68 49 60 61 62 63 54 65 56 66 78 59 70 71 72 73 64 75 76 77 88 69 79 81 82 84 74 85 86 87 98 89 80 91 92 83 93 94 95 96 97 99 90 
1 2 3 4 5 6 7 8 9 10 11 12 13 14 15 16 17 18 19 20 21 22 23 24 25 26 27 28 29 30 31 32 33 34 35 46 36 38 39 40 41 42 43 44 45 37 47 48 49 50 51 52 53 54 55 56 57 0 59 60 61 62 63 64 65 66 68 58 77 70 71 72 73 74 75 76 67 79 69 80 81 82 83 84 85 86 87 78 89 90 91 92 93 94 95 96 97 88 98 99 
1 2 3 4 5 6 7 8 9 10 11 12 13 14 15 16 17 18 19 20 21 22 23 24 25 26 27 28 29 30 31 32 33 34 35 36 37 38 39 40 41 42 43 44 45 46 47 48 49 50 51 52 53 54 55 56 57 58 59 60 61 62 63 64 65 66 76 67 0 69 71 72 73 74 75 86 97 78 79 70 81 82 83 84 85 87 88 68 89 80 91 92 93 94 95 96 77 98 99 90 
1 2 3 4 5 6 7 8 9 10 11 12 13 14 15 16 17 18 19 20 21 22 23 24 25 26 27 39 28 30 31 32 33 34 36 37 38 29 49 40 41 42 43 44 35 46 47 58 48 50 51 52 53 54 45 56 67 57 59 60 61 62 63 64 55 66 77 68 69 70 71 72 73 74 65 76 78 79 80 90 81 82 83 84 75 86 87 88 0 89 91 92 93 94 85 95 96 97 98 99 
1 2 3 4 5 6 7 8 19 9 11 12 13 14 15 16 17 18 10 20 21 22 23 24 25 26 27 28 29 30 31 32 33 34 35 36 37 38 49 39 41 42 43 44 55 45 46 47 59 40 51 52 53 54 65 56 57 48 58 50 61 62 63 64 75 66 67 68 69 60 71 72 83 73 74 76 77 78 79 70 0 82 93 84 85 86 87 88 89 80 81 91 92 94 95 96 97 98 99 90 
1 2 3 4 5 6 7 8 9 10 11 12 13 14 15 16 17 18 19 20 21 22 23 24 25 26 27 28 29 30 31 32 33 34 35 36 37 38 39 40 41 42 43 44 45 46 47 58 48 50 51 52 53 54 55 66 56 57 49 60 61 62 73 63 64 76 67 68 59 69 71 72 74 84 65 77 0 78 79 70 81 82 93 83 86 75 87 88 90 80 91 92 94 95 85 96 97 98 89 99 
1 2 3 4 5 6 7 8 9 10 11 12 13 14 15 16 17 18 19 20 0 22 23 24 25 26 27 28 29 30 21 31 32 34 35 36 37 38 39 40 42 43 33 44 45 46 47 48 49 50 41 51 53 54 55 56 57 58 59 60 61 52 62 64 65 66 67 68 69 70 71 73 63 74 86 96 76 78 79 80 81 72 75 82 85 95 77 87 88 90 91 92 83 93 84 94 97 98 89 99 
1 2 3 4 5 6 7 8 9 10 11 12 13 14 15 16 17 18 19 20 21 22 23 24 25 26 27 28 29 30 31 32 33 34 35 36 37 38 39 40 41 42 43 44 45 46 47 48 49 50 51 52 53 54 55 56 57 58 59 60 61 62 63 74 64 76 66 68 69 70 71 72 73 84 65 75 67 77 79 80 81 82 83 85 95 96 87 86 99 89 91 92 93 94 0 97 88 78 98 90 
1 2 3 4 5 6 7 8 9 10 11 12 13 14 15 16 17 18 19 20 21 22 23 24 25 26 27 28 29 30 31 32 33 34 35 36 37 38 39 40 41 42 43 44 45 46 47 48 49 50 51 52 53 54 55 56 57 58 59 60 61 62 73 63 64 65 67 68 69 70 72 0 83 74 75 66 76 78 79 80 71 81 82 84 85 86 77 88 89 90 91 92 93 94 95 96 87 97 98 99 
1 2 3 4 5 6 7 8 9 10 11 12 13 14 15 16 17 18 19 20 21 22 23 24 25 26 27 28 29 30 31 32 33 34 35 36 37 38 39 40 41 42 43 44 45 46 47 48 50 59 51 52 53 54 55 56 57 58 49 60 61 62 63 64 65 66 67 68 69 70 72 0 73 74 85 75 76 77 80 89 71 81 82 83 84 86 87 78 88 79 91 92 93 94 95 96 97 98 99 90 
1 2 3 4 5 6 7 8 9 10 11 12 13 14 15 16 17 18 19 20 21 22 23 24 25 26 27 28 29 30 31 32 33 34 35 36 37 38 39 40 41 42 43 44 45 46 47 49 59 50 51 52 53 54 55 56 57 48 69 60 61 62 63 64 65 67 68 0 79 70 71 72 73 74 96 66 87 58 88 80 81 82 83 94 84 75 76 77 78 89 91 92 93 85 95 97 86 98 99 90 
1 2 3 4 5 6 7 8 9 10 11 12 13 14 15 16 17 18 19 20 21 22 23 24 25 26 27 28 29 30 31 32 33 34 35 36 37 38 39 40 41 42 43 44 45 46 47 48 49 50 51 52 53 54 55 56 57 0 59 60 61 62 63 64 65 66 67 58 69 70 71 72 73 74 75 76 78 68 79 80 81 82 83 84 86 95 77 87 89 90 91 92 93 94 85 96 97 88 98 99 
1 2 3 4 5 6 7 8 9 10 11 12 13 14 15 16 17 18 19 20 21 22 23 24 25 26 27 28 0 30 31 32 33 34 35 36 37 38 29 39 41 42 43 44 45 46 47 48 49 40 51 52 53 54 55 56 57 58 60 50 61 62 63 64 65 66 67 69 59 79 71 72 73 74 75 76 77 68 80 70 81 82 83 84 85 87 88 78 89 90 91 92 93 94 95 86 96 97 98 99 
1 2 3 4 5 6 7 8 9 10 11 12 13 14 15 16 17 18 19 20 21 22 23 24 25 26 27 28 29 30 31 32 33 34 35 36 37 38 39 40 41 42 43 44 45 46 47 48 49 50 51 52 53 54 55 56 57 58 59 60 61 62 63 64 65 66 67 68 69 70 71 72 73 74 85 75 77 78 89 79 81 82 83 84 76 0 86 87 80 90 91 92 93 94 95 96 97 88 98 99 
1 2 3 4 5 6 7 8 9 10 11 12 13 14 15 16 17 18 19 20 21 22 23 24 25 26 27 28 29 30 31 32 33 34 35 36 37 38 39 40 41 42 43 44 45 46 47 48 49 50 51 52 53 54 55 56 57 58 59 60 61 62 63 64 65 66 67 68 79 69 71 72 73 84 74 76 77 88 78 70 81 82 83 94 75 95 87 98 89 80 91 92 93 86 85 0 96 97 99 90 
1 2 3 4 5 6 7 8 9 10 11 12 13 14 15 16 17 19 29 20 21 22 23 24 25 27 28 18 30 0 31 32 33 34 35 26 37 38 39 40 41 42 43 44 45 36 47 48 49 50 51 52 53 54 55 46 56 58 59 60 61 62 63 64 65 66 57 68 69 70 71 72 73 74 76 85 67 77 89 80 81 82 83 84 75 97 87 79 78 98 91 92 93 94 95 86 96 88 99 90 
1 2 3 4 5 6 7 8 9 10 11 12 13 14 15 16 17 18 19 20 21 22 23 24 25 26 27 28 29 30 31 32 33 34 35 36 37 38 39 40 41 42 43 44 45 0 47 48 49 50 51 52 53 54 56 46 67 57 59 60 61 62 64 65 55 76 66 58 68 70 71 72 63 74 75 86 77 78 69 79 81 83 73 84 85 96 87 88 90 80 91 82 92 93 94 95 97 98 89 99 
1 2 3 4 5 6 7 8 9 10 11 12 13 14 15 16 17 18 19 20 21 22 23 24 25 26 27 28 29 30 31 32 33 34 35 36 37 38 39 40 41 42 43 44 45 46 47 48 49 50 51 52 53 54 55 56 57 59 68 60 61 62 63 64 65 66 0 67 69 70 71 72 73 74 75 76 77 88 78 58 81 82 83 84 85 96 86 87 80 79 91 92 93 94 95 97 98 90 99 89 
1 2 3 4 5 6 7 8 9 10 11 12 13 14 15 16 17 18 19 20 21 22 23 24 25 26 27 28 29 30 31 32 33 34 35 36 37 38 39 40 41 42 43 44 45 46 47 48 49 50 51 52 53 54 55 56 57 0 58 59 61 62 63 64 65 66 67 68 70 60 71 72 73 74 75 76 77 78 69 80 81 82 83 84 85 86 87 88 79 90 91 92 93 94 95 96 97 98 89 99 
1 2 3 4 5 6 7 8 9 10 11 12 13 14 15 16 17 18 19 20 21 22 23 24 25 26 27 28 29 30 31 33 42 34 35 36 37 38 39 40 41 32 43 44 45 46 47 48 49 50 51 53 63 54 55 56 57 58 59 60 61 62 52 64 65 66 67 78 68 70 71 73 0 85 74 76 77 88 69 79 81 72 83 84 75 86 87 98 89 80 91 82 92 93 94 95 96 97 99 90 
1 2 3 4 5 6 7 8 9 10 11 12 13 14 15 16 17 18 19 20 21 22 23 24 26 36 35 27 29 30 31 32 33 34 25 38 28 48 39 40 41 42 43 44 45 46 37 0 49 50 51 52 53 54 56 57 47 58 59 60 61 62 63 64 55 66 67 68 80 69 71 72 73 74 65 86 76 77 78 70 81 82 83 84 75 96 87 88 79 89 91 92 93 94 85 95 97 98 99 90 
1 2 3 4 5 6 7 9 19 10 11 12 13 14 15 16 17 8 20 30 21 22 23 24 25 26 27 18 29 40 31 32 33 34 35 36 37 28 39 50 41 42 43 44 45 46 47 38 49 60 51 52 53 54 55 0 58 48 70 69 61 62 63 64 65 56 57 68 59 80 71 72 73 74 75 66 76 67 78 90 81 82 83 84 85 86 77 88 79 89 91 92 93 94 95 96 87 97 98 99 
1 2 3 4 5 6 7 8 9 10 11 12 13 14 15 16 17 18 19 20 21 22 23 24 25 26 27 0 30 40 31 32 33 34 35 36 37 29 38 28 41 42 43 44 45 46 47 59 48 39 51 52 53 54 55 56 57 60 50 49 61 62 63 64 66 67 78 58 69 70 71 72 73 74 65 76 68 77 79 80 81 82 83 84 75 86 87 88 89 90 91 92 93 94 85 95 96 97 98 99 
1 3 4 13 5 6 7 8 9 10 11 2 12 15 24 16 17 18 19 20 21 22 23 34 14 26 27 28 29 30 31 32 33 44 25 35 37 38 39 40 41 42 43 54 45 36 46 47 48 50 51 52 53 64 55 56 57 59 49 60 61 62 63 74 0 65 67 58 68 70 71 72 73 84 76 66 77 78 69 80 81 82 83 94 75 86 87 88 79 89 91 92 93 95 85 96 97 98 99 90 
1 2 3 4 5 6 7 8 9 10 11 12 13 14 15 16 17 18 19 20 21 22 23 24 25 26 27 28 29 30 31 32 33 34 35 36 37 38 39 40 41 42 43 44 45 46 47 48 49 50 51 52 53 54 55 56 57 0 58 59 61 62 63 64 65 66 67 79 70 60 71 72 73 74 75 76 77 69 80 90 81 82 83 84 85 86 87 68 78 89 91 92 93 94 95 96 97 88 98 99 
1 2 3 4 5 6 7 8 9 10 11 12 13 14 15 16 17 18 19 20 21 22 23 24 25 26 27 28 29 30 31 32 33 34 35 36 37 38 39 40 41 42 43 44 45 46 0 48 49 50 51 52 53 54 55 56 47 57 58 60 61 62 63 64 65 66 67 78 59 68 71 72 73 74 75 76 77 69 80 70 81 82 83 84 85 86 97 90 87 79 91 92 93 94 95 96 98 88 99 89 
1 2 3 4 5 6 7 8 9 10 11 12 13 14 15 16 17 18 19 20 21 22 23 24 25 26 27 28 29 30 31 32 33 34 35 36 37 38 39 40 41 42 43 44 45 46 47 48 49 50 51 52 54 64 55 56 57 58 59 60 61 72 53 65 74 66 67 68 69 70 71 63 62 85 73 76 77 78 79 80 81 82 0 83 75 86 87 88 89 90 91 92 93 84 94 95 96 97 98 99 
1 2 3 4 5 6 7 8 9 10 11 12 13 14 15 16 17 18 19 20 21 22 23 24 25 26 27 28 29 30 32 33 0 43 35 36 37 38 39 40 31 42 44 34 45 46 47 48 49 50 41 52 53 54 55 56 57 58 59 60 51 72 62 63 64 65 66 68 69 70 61 71 73 74 75 76 67 78 79 80 81 82 83 84 85 96 77 87 88 99 91 92 93 94 95 97 86 98 90 89 
1 2 3 4 5 6 7 8 9 10 11 12 13 14 15 16 17 18 19 20 21 22 23 24 25 26 27 28 29 30 31 32 33 34 35 36 38 48 39 40 41 42 43 44 45 47 37 49 50 60 51 52 53 54 55 46 57 58 79 59 61 62 63 64 65 56 66 68 80 70 71 72 73 74 75 87 67 76 89 69 81 82 83 84 85 77 88 78 98 90 91 92 93 94 95 86 96 0 97 99 
1 2 3 4 5 6 7 8 9 10 11 12 13 14 15 16 17 18 19 20 21 22 23 24 25 26 27 28 29 30 31 32 33 34 35 36 37 38 39 40 41 42 43 44 45 46 47 48 49 50 51 52 53 54 55 56 57 58 59 60 61 62 63 64 65 66 67 68 69 70 71 72 73 74 76 77 87 78 79 90 81 82 83 84 95 75 85 98 80 88 91 92 93 94 0 86 96 97 89 99 
1 2 3 4 5 6 7 8 9 10 11 12 13 14 15 16 17 18 30 19 21 22 23 24 25 26 27 28 20 0 31 32 33 34 35 36 37 39 29 40 41 42 43 44 45 46 47 38 48 60 51 52 53 54 55 57 66 58 50 70 61 62 63 64 65 56 67 69 49 80 71 72 73 74 75 76 77 68 59 79 81 82 83 84 85 86 87 78 88 89 91 92 93 94 95 96 97 98 99 90 
1 2 3 4 5 6 7 8 9 10 11 12 13 14 15 16 17 18 19 20 21 22 23 24 25 26 27 28 29 30 31 32 33 34 35 36 37 38 39 40 41 42 43 44 45 46 47 0 49 50 51 52 53 54 55 56 57 48 60 70 61 62 63 64 65 66 67 58 69 79 71 72 73 74 75 76 78 68 89 59 81 82 83 84 85 86 77 88 90 80 91 92 93 94 95 96 87 97 98 99 
1 2 3 4 5 6 7 8 9 10 11 12 13 14 15 16 17 18 19 20 21 22 23 24 25 26 27 28 29 30 31 32 33 34 35 36 37 38 39 40 41 42 43 44 45 46 47 48 49 50 51 52 53 54 65 55 57 58 59 60 61 62 63 64 0 56 66 68 69 70 71 72 73 74 75 76 67 88 78 80 81 82 83 84 85 86 77 99 89 79 91 92 93 94 95 96 87 97 98 90 
1 2 3 4 5 6 7 8 9 10 11 22 12 14 15 16 17 18 19 20 21 13 23 24 25 35 27 28 29 30 31 33 34 0 36 26 37 38 39 40 41 32 43 44 45 46 47 48 49 50 51 42 53 54 55 56 57 58 59 60 61 52 62 64 65 66 67 68 69 70 71 72 63 73 75 86 76 77 79 80 81 82 83 74 84 85 87 78 99 89 91 92 93 94 95 96 97 88 98 90 
1 2 3 4 5 6 7 8 9 10 11 12 13 14 15 16 17 18 19 20 21 22 23 24 25 26 27 28 29 30 31 32 33 34 35 36 37 38 39 40 41 42 43 44 45 46 47 48 49 50 51 52 53 54 55 56 57 58 59 60 61 62 63 74 0 65 67 76 69 70 71 73 84 75 64 66 78 68 89 79 81 72 82 83 85 86 77 87 99 80 91 92 93 94 95 96 97 88 98 90 
1 2 3 4 5 6 7 8 9 10 11 12 13 14 15 16 17 18 19 20 21 0 23 24 25 26 27 28 29 30 32 22 33 34 35 36 37 38 39 40 31 42 43 44 45 46 47 48 49 50 41 52 53 64 54 56 57 59 69 60 51 63 82 74 55 65 66 67 58 70 61 83 62 73 75 76 77 68 78 80 71 81 72 84 85 86 98 97 79 90 91 92 93 94 95 96 87 89 88 99 
1 2 3 4 5 6 7 8 9 10 11 12 13 14 15 16 17 18 19 20 21 22 23 24 25 37 26 28 29 30 31 32 33 34 36 46 27 38 39 40 41 42 43 44 35 47 57 48 49 50 51 52 53 54 0 45 55 58 60 69 61 62 63 64 66 56 67 68 59 70 71 72 73 74 65 75 76 77 78 80 81 82 83 84 85 86 87 88 79 90 91 92 93 94 95 96 97 98 89 99 
1 2 3 4 5 6 7 8 9 10 11 12 13 14 15 16 17 18 19 20 21 22 23 24 25 26 27 28 29 30 31 32 33 0 35 36 37 38 39 40 41 42 43 34 44 46 47 48 49 50 51 52 53 54 45 55 57 58 78 59 61 62 63 64 66 56 67 69 89 60 71 72 73 74 65 75 76 77 80 70 81 82 83 84 85 96 86 68 87 79 91 92 93 94 95 97 88 98 99 90 
1 2 3 4 5 6 7 8 9 10 11 12 13 14 15 16 17 18 19 20 21 22 23 24 25 26 27 28 29 30 31 32 33 34 35 36 37 38 39 40 41 42 43 44 45 46 48 58 59 49 51 52 53 54 55 56 47 67 78 50 61 62 63 64 65 66 57 68 69 60 71 72 73 74 75 76 77 79 0 70 81 82 83 84 85 86 87 88 89 80 91 92 93 94 95 96 97 98 99 90 
1 2 3 4 5 6 7 8 9 10 11 12 13 14 15 16 17 18 19 20 21 22 23 24 25 26 27 28 29 30 31 32 33 34 35 36 37 38 39 0 41 42 43 44 45 46 47 49 50 40 51 52 53 54 55 56 67 48 59 60 61 62 63 64 65 66 58 57 68 70 71 72 73 74 75 76 77 79 78 80 81 82 83 84 85 86 87 89 69 90 91 92 93 94 95 96 97 88 98 99 
1 2 3 4 5 6 17 7 9 10 11 12 13 14 15 16 27 8 19 0 21 22 23 24 25 26 18 28 29 20 31 32 33 34 35 36 37 38 40 30 41 42 43 44 45 46 47 48 39 50 51 52 53 54 55 56 57 58 49 60 61 62 63 64 65 66 67 68 59 70 71 72 73 74 75 76 77 78 69 80 81 82 83 84 85 86 87 88 79 90 91 92 93 94 95 96 97 98 89 99 
1 2 3 4 5 6 7 8 9 10 11 12 13 14 15 16 17 18 19 20 21 22 23 24 25 26 27 28 29 30 31 32 33 34 35 36 37 38 39 40 41 42 43 44 45 46 47 48 49 50 51 52 53 54 55 56 57 69 58 60 61 62 63 64 65 66 68 70 79 78 71 72 73 74 76 77 67 59 80 0 81 82 83 84 75 85 86 87 88 90 91 92 93 94 95 96 97 98 89 99 
1 2 3 4 5 6 7 8 9 10 11 12 13 14 15 16 17 18 19 20 22 23 32 24 25 26 27 28 29 30 21 31 0 34 35 36 37 38 39 40 41 42 33 44 55 45 47 48 49 50 51 52 43 64 54 46 57 58 59 60 61 72 53 63 65 56 67 68 69 70 71 73 62 74 75 66 76 78 79 80 81 82 83 84 85 86 77 87 89 90 91 92 93 94 95 96 97 88 98 99 
11 1 2 3 5 6 7 8 9 10 12 13 23 4 25 15 17 18 19 20 21 22 14 34 16 26 27 0 28 30 31 32 33 35 24 36 37 39 29 40 41 42 43 44 45 46 47 38 48 50 51 52 53 54 55 56 57 58 49 60 61 62 63 64 65 66 67 68 59 70 71 72 73 74 75 76 77 78 69 80 81 82 83 84 85 86 87 88 79 90 91 92 93 94 95 96 97 98 89 99 
1 2 3 4 5 6 7 8 9 10 11 12 13 14 15 16 17 18 19 20 21 22 23 24 25 26 27 28 29 30 31 32 33 34 35 47 36 37 39 40 41 42 43 44 45 46 48 38 49 50 51 52 53 54 55 66 56 57 58 60 61 62 63 64 65 76 67 68 59 70 71 72 73 74 75 77 87 78 69 79 81 82 83 84 85 86 97 88 89 80 91 92 93 94 95 96 98 99 90 0 
1 2 3 0 5 6 7 8 9 10 11 12 13 4 15 16 17 18 19 20 21 22 23 14 25 26 27 28 29 30 31 32 33 24 35 36 37 38 39 40 41 42 43 34 44 45 47 48 49 50 51 52 53 54 55 46 57 58 59 60 61 62 63 64 65 56 67 68 69 70 71 72 73 74 86 66 76 78 79 80 81 82 83 84 75 96 77 98 88 89 91 92 93 94 85 95 87 97 99 90 
11 1 2 4 5 6 7 8 9 10 12 23 3 13 14 16 17 18 19 20 21 32 34 24 15 26 27 28 29 30 31 22 33 35 25 36 37 38 39 40 41 43 53 44 45 46 47 48 49 50 51 42 62 54 55 56 57 58 59 60 61 52 73 63 65 66 67 68 69 70 71 82 72 64 75 76 77 78 79 80 81 92 83 74 84 85 86 87 88 90 0 91 93 94 95 96 97 98 89 99 
1 2 3 4 5 6 7 8 9 10 11 12 13 14 15 16 17 18 19 20 21 22 23 24 25 26 27 28 29 30 31 32 33 34 35 36 37 38 39 40 41 42 43 44 45 46 47 48 50 59 51 52 53 54 55 56 57 58 49 60 61 62 63 64 65 66 67 0 69 70 71 72 73 74 75 76 77 79 78 80 81 82 83 84 85 86 87 68 89 90 91 92 93 94 95 96 97 88 98 99 
1 2 3 4 5 6 7 8 9 10 11 12 13 14 15 16 17 18 19 20 21 22 23 24 25 26 27 28 29 30 31 32 33 34 35 36 37 38 39 40 41 42 43 54 44 46 47 49 59 50 51 52 53 64 45 55 58 48 0 60 61 62 63 74 65 56 57 68 69 70 71 72 73 84 76 77 67 78 79 80 81 82 83 95 94 66 86 87 89 90 91 92 93 75 96 85 97 88 98 99 
1 2 3 4 5 6 7 8 9 10 11 12 13 14 15 16 17 18 19 20 21 22 23 24 25 26 27 28 29 30 31 32 33 34 35 36 37 38 39 40 41 42 43 44 45 46 47 48 49 50 51 52 53 54 55 56 57 58 59 60 61 62 63 64 65 66 67 68 69 70 71 72 73 74 75 76 77 78 79 80 82 91 83 94 84 95 97 87 89 90 81 0 92 93 86 85 96 88 98 99 
1 2 3 4 5 6 7 8 9 10 11 12 13 14 15 16 17 18 19 20 21 22 23 24 25 26 27 28 29 30 31 32 33 34 35 36 37 38 39 40 41 42 43 44 45 46 47 48 49 50 51 52 53 54 55 56 57 58 59 60 61 62 63 64 65 66 67 68 69 70 71 72 73 74 75 76 77 78 79 80 81 82 83 84 85 96 86 87 88 99 91 92 93 0 94 95 97 98 90 89 
1 2 3 4 5 6 7 8 9 10 11 12 13 14 15 16 17 18 19 20 21 22 23 24 25 26 27 28 29 30 31 32 33 34 35 36 37 38 39 40 41 42 43 44 45 46 47 48 49 50 51 52 53 54 55 56 57 59 60 69 61 62 63 64 65 66 67 58 80 68 71 72 73 74 75 86 76 98 78 70 81 82 83 84 85 0 77 89 79 88 91 92 93 94 95 96 87 97 99 90 
1 2 3 4 5 6 7 8 9 10 11 12 13 14 15 16 17 18 19 20 21 22 23 24 25 26 27 28 29 30 31 32 33 34 35 36 37 38 39 40 41 42 43 44 45 46 47 48 49 50 51 52 53 54 55 56 57 58 59 60 61 62 63 64 75 65 66 67 69 70 71 72 73 74 85 76 86 68 79 80 81 82 83 94 84 97 77 78 89 90 91 92 93 0 95 96 88 87 98 99 
1 2 3 4 5 6 7 8 9 10 11 12 13 14 15 16 17 18 19 20 21 22 23 24 25 26 27 28 29 30 31 32 33 34 35 36 37 38 39 40 41 42 43 44 46 47 57 48 49 50 51 52 53 54 45 56 67 58 59 60 61 62 63 64 55 75 66 68 69 70 71 72 73 74 65 76 77 78 89 79 81 82 83 94 84 85 86 87 88 80 91 92 93 0 95 96 97 98 99 90 
1 2 3 4 5 6 7 8 20 9 11 12 14 15 16 26 17 18 10 0 21 22 13 24 25 27 28 29 19 30 31 33 23 34 35 36 37 38 39 40 41 32 43 44 45 46 47 48 49 50 51 42 52 64 54 56 57 58 59 60 61 62 53 63 55 65 66 68 69 70 71 72 73 74 75 76 67 77 78 89 81 82 83 84 85 86 87 88 80 79 91 92 93 94 95 96 97 98 99 90 
1 2 3 4 5 6 7 8 9 10 11 12 13 14 15 16 17 18 19 20 21 22 23 24 25 26 27 28 29 30 31 32 33 34 35 47 36 38 39 40 41 42 43 44 45 46 37 48 0 49 51 52 53 54 55 66 56 57 59 50 61 62 63 64 76 85 67 58 69 60 71 72 73 74 65 77 78 79 68 70 81 82 83 84 86 75 87 88 90 80 91 92 93 94 95 96 97 98 89 99 
1 2 3 4 5 6 7 8 9 10 11 12 13 14 15 16 17 18 19 20 21 22 23 24 25 26 27 28 29 30 31 32 33 34 35 36 37 38 39 40 41 42 43 44 45 46 47 48 49 50 51 52 53 54 55 56 57 59 68 60 61 62 63 0 65 66 67 58 69 70 71 72 73 64 74 76 77 78 79 80 81 82 83 84 75 85 86 87 98 88 91 92 93 94 95 96 97 89 99 90 
1 2 3 4 5 6 7 8 9 10 11 12 13 14 15 16 17 18 19 20 21 22 23 24 25 26 27 28 29 30 31 32 33 34 35 36 37 38 39 40 41 42 43 44 45 46 47 48 49 50 61 51 53 54 55 56 57 58 59 60 71 52 64 74 0 65 66 67 68 69 72 63 62 75 76 87 77 79 80 70 81 82 73 83 84 85 97 78 88 89 91 92 93 94 95 86 96 98 99 90 
1 2 3 4 5 6 7 8 9 10 11 12 13 14 15 16 17 18 19 20 21 22 23 24 25 26 27 28 29 30 31 32 33 34 35 36 37 38 39 40 41 42 43 44 45 46 47 48 49 50 51 52 53 54 55 56 58 59 0 60 61 62 63 64 66 67 57 68 69 70 71 72 73 75 65 77 78 87 79 80 81 82 83 74 84 85 76 86 89 90 91 92 93 94 95 96 97 88 98 99 
1 2 3 4 5 6 7 8 9 10 11 12 13 14 15 16 17 18 19 0 21 22 23 24 25 26 27 28 29 20 31 32 33 34 35 36 37 38 40 30 41 42 43 44 45 46 47 48 39 50 51 52 53 54 55 56 57 58 49 60 61 62 63 64 65 66 67 78 59 70 71 72 73 74 75 76 77 89 68 80 81 82 83 84 85 86 87 79 69 99 91 92 93 94 95 96 97 88 90 98 
1 2 3 4 5 6 7 8 9 10 11 12 13 14 15 16 17 18 19 20 21 22 23 24 25 26 27 28 29 30 31 32 33 34 35 48 0 38 39 40 41 42 43 44 45 37 58 57 49 50 51 52 53 54 55 36 46 68 59 60 61 62 63 64 65 56 66 47 70 80 71 72 73 74 75 76 67 77 78 69 81 82 83 84 85 86 87 88 79 90 91 92 93 94 95 96 97 98 89 99 
1 2 3 4 5 6 7 8 9 10 11 12 13 14 15 16 17 18 19 20 21 22 23 24 25 26 27 28 29 30 31 32 33 34 35 36 37 38 39 40 51 41 0 44 45 46 47 48 49 50 62 42 43 54 55 56 57 58 59 60 71 53 52 64 65 66 67 68 69 70 61 72 63 83 74 75 76 78 79 80 81 82 84 73 85 86 77 87 89 90 91 92 93 94 95 96 97 88 98 99 
1 2 3 4 5 6 7 8 9 10 11 12 13 14 15 16 17 18 19 20 21 22 23 24 25 26 27 28 29 30 31 32 33 34 35 36 37 38 39 40 41 42 43 44 45 56 46 47 48 49 51 52 53 54 55 66 68 57 59 50 61 62 63 64 65 77 76 58 69 60 71 82 73 84 74 67 87 78 79 70 81 83 95 72 86 75 0 88 89 80 91 92 93 94 85 96 97 98 99 90 
1 2 3 4 5 6 7 8 9 10 11 12 13 14 15 16 17 18 19 20 21 22 23 24 25 26 27 28 29 30 31 32 33 34 35 36 37 38 39 40 41 42 43 44 45 46 47 48 49 50 52 61 53 54 55 56 57 58 59 60 51 62 63 64 65 66 67 68 69 70 81 71 72 73 75 76 77 78 79 80 91 82 83 74 95 85 86 88 99 89 92 0 93 84 94 96 87 97 98 90 
1 2 3 4 5 6 7 8 9 10 11 12 13 14 15 16 17 18 19 20 21 22 23 24 25 26 27 28 29 30 31 32 33 34 35 36 37 38 39 40 41 42 43 44 45 46 47 48 49 50 51 52 53 54 55 56 57 58 59 60 61 62 63 64 65 66 77 67 68 69 72 83 73 84 74 75 88 76 80 70 71 81 82 85 86 87 97 78 79 90 91 92 93 94 95 96 0 98 89 99 
1 2 3 4 5 6 7 8 9 10 11 12 13 14 15 16 17 18 19 20 21 22 23 24 25 26 27 28 29 30 31 32 33 34 35 36 37 38 39 40 41 42 43 44 45 46 57 47 49 50 51 52 53 54 0 56 68 48 58 60 61 62 63 64 55 86 85 69 59 70 71 72 73 74 65 66 67 78 79 80 81 82 83 94 75 77 76 87 88 89 91 92 93 95 84 96 97 98 99 90 
1 2 3 4 5 6 7 8 9 10 11 12 13 14 15 16 17 18 19 20 21 22 23 24 25 26 27 28 29 30 31 33 43 34 35 36 37 38 39 40 42 32 44 45 56 55 57 0 49 50 41 52 53 54 65 48 46 47 59 60 51 61 62 63 64 66 67 58 68 69 71 72 73 74 75 76 77 78 79 70 81 82 83 84 85 86 87 88 89 80 91 92 93 94 95 96 97 98 99 90 
1 2 3 4 5 6 7 8 9 10 11 12 13 14 15 16 17 18 19 20 21 22 23 24 25 26 27 28 29 30 31 32 33 34 35 36 37 38 39 40 41 42 43 44 45 46 47 48 49 50 51 52 53 54 55 56 67 57 58 59 61 62 63 64 65 66 77 68 69 60 71 72 73 74 75 76 78 0 70 80 81 82 83 84 85 86 87 88 90 79 91 92 93 94 95 96 97 98 89 99 
1 2 3 4 5 6 7 8 9 10 11 12 13 14 15 16 17 18 19 20 21 22 23 24 25 26 27 28 29 30 31 32 33 34 35 36 37 38 39 40 41 42 43 44 45 46 47 48 49 50 51 52 53 54 55 56 57 58 59 60 61 62 63 64 0 65 66 68 69 70 71 72 73 74 85 76 67 88 78 79 81 92 82 84 95 75 77 87 89 80 91 83 93 94 96 86 97 98 99 90 
1 2 3 4 5 6 7 8 9 10 11 12 13 14 15 16 17 18 19 20 21 22 23 24 25 26 27 28 29 30 31 32 33 34 35 36 37 38 39 40 41 42 43 44 45 46 47 48 49 50 51 52 53 54 55 56 57 58 59 0 61 62 63 64 65 66 67 68 70 60 71 72 73 74 75 76 77 78 69 80 81 82 83 84 85 86 87 88 90 89 91 92 93 94 95 96 97 98 79 99 
1 2 3 4 5 6 7 8 9 10 11 12 13 14 15 16 17 18 19 20 21 33 22 24 25 26 27 28 29 30 31 23 42 35 45 36 37 38 39 40 41 32 44 34 54 46 0 47 49 50 51 52 43 53 56 57 66 48 59 60 61 62 63 64 55 65 68 58 69 70 71 72 73 74 75 76 67 77 78 80 81 82 83 84 85 86 87 88 79 90 91 92 93 94 95 96 97 98 89 99 
1 2 3 4 5 6 7 8 9 10 11 12 13 14 15 0 16 18 19 20 21 22 23 24 25 27 17 28 29 30 31 32 33 34 35 26 37 38 39 40 41 42 43 44 45 36 46 49 50 60 51 52 53 54 55 56 47 48 59 70 61 62 63 64 65 66 57 58 79 69 71 72 73 74 75 77 67 78 68 80 81 82 83 84 85 76 86 88 90 99 91 92 93 94 95 96 87 97 98 89 
1 2 3 4 5 6 7 8 9 10 11 12 13 14 15 16 17 18 19 20 21 22 23 24 25 26 27 28 29 30 31 32 33 34 35 36 37 38 39 40 41 42 43 44 45 46 47 48 49 50 51 52 53 54 55 56 67 57 58 60 61 62 63 64 65 66 77 68 59 70 71 72 73 74 85 75 76 78 69 80 81 82 83 0 84 86 87 88 79 89 91 92 93 94 95 96 97 98 99 90 
1 2 3 4 5 6 7 8 9 10 11 12 13 14 15 16 17 18 19 20 21 22 23 24 25 26 27 28 29 30 31 32 33 34 0 36 37 38 39 40 41 42 43 44 35 45 46 47 49 60 51 52 53 54 55 56 57 48 50 59 61 62 63 64 65 66 67 58 68 70 71 72 73 74 75 76 77 88 69 80 81 82 83 84 85 86 87 79 78 89 91 92 93 94 95 96 97 98 99 90 
1 2 3 4 5 6 7 8 9 10 11 12 13 14 15 16 17 18 19 20 21 22 23 24 25 26 27 28 29 30 31 32 33 34 35 36 47 37 38 39 41 42 43 44 45 46 57 48 49 40 51 52 53 54 55 66 68 56 59 50 61 62 63 64 65 67 77 58 70 60 71 72 73 74 75 76 87 79 69 80 81 82 83 84 85 96 86 78 88 90 91 92 93 94 95 0 97 98 89 99 
1 2 3 4 5 6 7 8 9 10 11 12 13 14 15 16 17 18 19 20 21 22 23 24 25 26 27 28 29 30 31 32 33 34 46 35 36 38 39 40 41 42 43 44 47 37 57 0 59 50 51 52 53 55 45 56 58 49 48 60 61 62 63 54 64 66 67 68 69 70 71 72 73 74 65 75 76 78 79 80 81 82 83 84 85 86 77 87 89 90 91 92 93 94 95 96 97 88 98 99 
1 2 3 4 5 6 7 8 9 10 11 12 13 14 15 16 17 18 19 20 21 22 23 24 25 26 27 28 29 30 31 32 33 34 35 36 37 38 39 40 41 42 43 44 45 46 47 48 49 50 51 52 53 54 55 56 67 57 59 60 61 62 63 64 65 66 58 79 78 69 71 72 73 74 75 76 77 68 90 70 81 82 83 84 85 86 87 88 0 99 91 92 93 94 95 96 97 98 80 89 
1 2 3 4 5 6 7 8 29 9 11 12 13 14 15 16 27 17 19 10 21 22 23 24 25 26 18 28 30 20 31 32 33 34 35 46 36 48 38 40 41 42 43 44 45 56 37 58 39 49 51 52 53 54 0 55 47 57 59 50 61 62 63 64 65 66 67 68 69 60 71 72 73 74 75 76 77 78 79 70 81 82 83 84 85 86 87 88 90 80 91 92 93 94 95 96 97 98 89 99 
1 3 13 5 6 7 17 8 9 10 11 2 14 4 15 26 16 18 19 20 21 12 22 23 24 0 27 28 29 30 31 32 33 34 25 35 36 38 39 40 41 42 43 44 46 47 37 48 49 50 51 52 53 54 45 55 56 57 58 59 61 62 63 64 65 66 67 68 69 60 71 72 73 74 75 76 77 78 79 70 81 82 83 84 85 86 87 88 89 80 91 92 93 94 95 96 97 98 99 90 
1 2 3 4 5 6 7 8 9 10 11 12 13 14 15 16 17 18 19 20 21 22 23 24 25 26 27 28 29 30 31 32 33 34 35 36 37 38 39 40 41 42 43 44 45 46 47 48 49 50 51 52 53 54 55 56 57 58 59 60 61 72 62 63 75 65 67 68 69 70 71 92 82 64 74 66 77 78 79 80 0 81 73 84 85 76 87 88 89 90 91 93 83 94 95 86 96 97 98 99 
1 2 3 4 5 6 7 8 9 10 11 12 13 14 15 16 17 18 19 20 21 22 23 24 25 26 27 28 29 30 31 32 33 34 35 0 36 37 39 40 41 42 43 44 45 46 47 38 48 50 51 52 53 54 55 56 57 59 49 70 61 62 63 64 65 66 68 58 60 69 71 72 73 74 75 76 67 77 78 80 81 82 83 84 85 86 88 97 79 98 91 92 93 94 95 96 87 99 89 90 
1 2 3 4 5 6 7 8 9 10 11 12 13 14 15 16 17 18 19 20 21 22 23 24 25 26 27 28 29 30 31 32 33 34 35 36 37 38 39 40 41 42 43 44 45 46 47 48 49 50 51 52 53 54 55 56 57 58 59 0 61 62 63 64 65 67 77 76 69 60 71 72 73 74 75 66 87 89 68 70 81 82 83 84 85 86 88 98 99 78 91 92 93 94 95 96 97 90 80 79 
1 2 3 4 5 6 7 8 9 10 11 12 13 14 15 16 17 18 19 20 21 22 23 24 25 26 37 27 29 30 31 32 33 34 35 36 47 28 38 40 41 42 43 44 45 46 57 48 39 50 51 52 53 54 55 56 58 49 69 59 61 62 63 64 65 76 66 68 0 60 71 72 73 74 75 67 77 88 78 70 81 82 83 84 85 86 97 87 80 79 91 92 93 94 95 96 98 99 89 90 
1 12 2 4 5 6 7 8 9 10 11 22 3 13 14 16 17 18 19 20 21 23 33 24 15 25 27 28 29 30 31 32 43 34 35 26 37 38 39 40 51 41 42 44 45 36 47 48 49 50 61 52 53 54 55 46 57 58 59 60 71 62 63 64 66 56 67 68 69 70 72 82 73 75 65 76 77 78 79 80 81 0 83 74 84 85 86 87 88 89 91 92 93 94 95 96 97 98 99 90 
1 2 3 4 5 6 7 8 9 10 11 12 13 14 0 15 16 18 19 20 21 22 23 24 25 27 17 28 29 30 31 32 33 34 36 26 37 38 39 40 41 42 43 44 35 45 47 48 49 50 51 52 53 54 55 46 57 58 59 60 61 62 63 64 65 56 67 68 69 70 71 73 74 84 75 66 86 78 79 80 81 72 82 85 96 77 76 87 88 99 91 92 83 93 94 95 97 98 90 89 
1 2 3 4 5 6 7 8 9 10 11 12 13 14 15 16 17 18 19 20 21 22 23 24 25 26 27 28 29 30 31 32 33 34 35 36 37 38 39 40 41 42 43 44 45 46 47 48 49 50 51 52 53 54 55 56 57 58 59 60 61 62 63 65 74 66 67 68 69 70 71 72 73 64 75 76 77 78 80 89 81 82 83 84 85 0 87 79 98 90 91 92 93 94 95 96 97 86 88 99 
1 2 3 4 5 6 7 8 9 10 11 12 13 14 15 16 17 18 19 20 21 22 23 24 25 26 27 28 29 30 31 32 33 34 35 36 37 38 39 40 41 53 42 44 45 46 47 48 49 50 51 0 43 54 55 56 57 58 59 60 61 52 62 64 65 66 68 78 69 70 71 72 63 74 75 67 86 87 79 80 81 92 73 83 84 85 76 77 88 89 91 93 82 94 95 96 97 98 99 90 
1 2 3 4 5 6 7 8 9 10 11 12 13 14 15 16 17 18 19 20 21 22 23 24 25 26 27 28 29 30 31 32 33 34 35 36 38 39 49 40 41 42 43 44 45 46 37 48 50 60 51 52 53 54 55 56 47 58 59 70 61 62 63 64 65 66 57 67 69 0 71 72 73 74 75 76 77 68 78 79 81 82 83 84 85 86 87 88 89 80 91 92 93 94 95 96 97 98 99 90 
1 2 3 5 14 6 7 8 9 10 11 12 13 4 16 0 17 18 19 20 21 22 23 24 15 25 26 27 40 29 31 32 33 34 35 36 37 28 38 30 41 42 43 44 45 46 47 48 39 49 51 52 53 54 55 56 57 58 59 50 61 62 63 64 65 66 67 68 69 60 71 72 73 74 75 76 77 78 79 70 81 82 83 84 85 86 87 88 89 80 91 92 93 94 95 96 97 98 99 90 
1 2 3 4 5 6 7 8 9 10 11 12 13 14 15 16 17 18 19 20 21 22 23 24 25 26 27 28 29 30 31 32 33 34 35 36 37 38 39 40 41 42 43 44 45 46 47 48 49 50 51 52 53 54 55 56 57 58 59 60 61 62 63 64 65 66 67 68 69 70 71 72 73 74 75 76 77 78 79 80 81 82 84 93 85 0 87 88 89 90 91 92 83 94 95 86 96 97 98 99 
1 2 3 4 5 6 7 8 9 10 11 12 13 14 15 16 17 18 19 20 21 22 23 24 25 26 27 28 29 30 31 32 33 34 35 36 37 38 39 40 41 42 43 44 45 46 47 49 50 60 51 52 53 54 55 56 57 48 59 69 61 62 63 64 65 66 67 58 79 0 71 72 73 74 75 76 78 68 70 80 81 82 83 84 85 86 77 88 90 99 91 92 93 94 95 96 87 97 98 89 
1 2 3 4 5 6 7 8 9 10 11 12 13 14 15 16 17 18 19 20 21 22 23 24 25 26 27 28 29 30 31 32 33 34 35 36 37 38 39 40 41 42 43 44 45 46 47 48 49 50 51 52 53 54 55 56 57 58 59 60 61 62 63 64 65 66 67 68 69 70 71 72 73 74 75 76 77 78 79 80 81 82 93 0 84 85 86 87 89 90 91 92 94 83 95 96 97 88 98 99 
1 2 3 4 5 6 7 8 9 10 11 12 13 14 15 16 17 18 19 20 21 22 23 24 25 26 27 28 29 30 31 32 33 34 35 36 37 38 39 40 41 42 43 44 45 46 47 48 49 50 51 52 53 54 55 56 57 58 59 60 61 62 63 64 65 66 67 68 69 70 71 72 73 84 74 75 78 89 87 80 81 82 83 85 95 86 76 79 98 0 91 92 93 94 96 97 77 88 99 90 
1 2 3 4 5 6 7 8 9 10 11 12 13 14 15 16 17 18 19 20 21 22 33 23 24 25 27 28 29 30 0 31 32 34 35 26 37 38 39 40 41 42 43 44 46 36 47 48 49 50 51 52 53 54 45 55 57 58 59 60 61 62 63 64 65 56 67 68 69 70 71 72 73 74 75 66 77 89 78 80 81 82 83 84 85 76 86 87 79 90 91 92 93 94 95 96 97 88 98 99 
1 2 3 4 5 6 7 8 9 10 11 12 13 14 15 16 17 18 19 20 21 22 23 24 25 26 27 28 29 30 0 32 33 34 35 36 37 38 39 40 31 42 43 44 45 46 47 48 49 50 41 52 53 54 65 55 57 58 59 60 51 62 63 74 64 56 66 68 69 70 61 72 83 73 75 76 67 77 78 80 71 81 93 84 85 86 87 88 79 90 91 82 92 94 95 96 97 98 89 99 
1 2 3 4 5 6 7 8 9 10 11 12 13 14 15 16 17 18 19 20 21 22 23 24 25 26 27 28 29 30 31 32 33 34 35 36 37 38 39 40 41 42 43 44 45 46 47 48 60 49 51 52 53 54 55 56 57 68 58 50 61 62 63 64 65 66 78 0 77 70 71 72 73 74 75 87 67 98 59 79 81 82 83 84 85 76 96 88 69 80 91 92 93 94 95 86 97 89 90 99 
1 2 3 4 5 6 7 8 9 10 11 12 13 14 15 16 17 18 19 20 21 22 23 24 25 26 27 28 29 30 31 32 33 34 35 36 37 38 39 40 41 42 43 44 45 57 56 47 48 50 51 52 53 54 55 46 0 67 49 60 61 62 63 64 65 66 58 59 69 70 71 72 73 74 75 77 78 68 79 80 81 82 83 84 85 76 88 97 99 89 91 92 93 94 95 86 96 87 98 90 
1 2 3 4 5 6 7 8 9 10 11 12 13 14 15 16 17 18 19 20 21 22 23 24 25 26 27 28 29 30 31 32 33 34 35 36 37 38 39 40 41 42 43 44 45 46 47 48 49 50 51 52 53 54 55 66 56 57 58 60 61 62 63 64 65 77 68 69 59 70 71 72 73 74 75 76 67 78 79 80 81 0 93 83 84 85 87 89 90 99 91 82 92 94 95 86 96 97 88 98 
1 2 3 4 5 6 7 8 9 10 11 12 13 14 15 16 17 18 19 20 21 22 23 24 25 26 27 28 29 30 31 32 33 34 35 36 37 38 39 40 52 0 42 44 45 46 47 48 49 50 41 51 43 53 54 56 57 58 59 60 61 62 63 64 55 66 67 68 70 79 71 72 73 75 65 76 77 78 69 80 81 82 83 74 85 86 87 98 88 90 91 92 93 84 94 95 96 97 89 99 
1 2 3 4 5 6 7 8 9 10 11 12 13 14 15 16 17 18 19 20 21 22 23 24 25 26 27 28 29 30 31 32 33 34 35 36 37 38 39 40 41 42 43 44 45 46 47 48 49 50 51 52 53 54 55 56 57 58 59 60 61 62 63 64 65 67 68 78 69 0 71 72 73 74 75 66 86 77 79 70 81 82 83 84 85 76 87 88 89 80 91 92 93 94 95 96 97 98 99 90 
1 2 3 4 5 6 7 8 9 10 11 12 13 14 15 16 17 18 19 20 21 22 23 24 25 26 38 27 29 30 31 32 33 34 35 36 28 39 40 50 41 42 43 44 45 46 37 47 60 0 51 52 53 54 55 56 57 58 48 49 61 62 63 64 65 66 67 69 59 80 71 72 73 74 75 76 77 68 70 79 81 82 83 84 85 86 87 78 89 90 91 92 93 94 95 96 97 88 98 99 
1 2 3 4 15 0 6 7 8 10 11 12 13 14 16 5 17 18 9 29 21 22 23 24 25 26 27 28 20 19 31 32 33 34 35 36 37 39 40 30 41 42 43 44 45 46 48 38 49 50 51 52 53 54 55 57 47 58 59 60 61 62 63 64 65 56 67 78 68 70 71 72 73 74 75 66 76 77 69 80 81 82 83 84 85 86 87 89 79 90 91 92 93 94 95 96 97 88 98 99 
1 2 3 4 5 6 7 8 9 10 11 12 13 14 15 16 17 18 19 20 21 22 23 24 25 26 27 28 29 30 31 32 33 34 35 36 37 38 39 40 41 42 43 44 45 46 47 48 49 50 51 52 53 54 55 56 57 58 59 60 61 62 63 64 65 76 66 68 69 70 71 72 73 74 85 75 67 78 79 80 81 82 83 84 95 86 0 87 90 99 91 92 93 94 96 97 77 88 98 89 
1 2 3 4 5 6 7 8 9 10 11 12 13 14 25 15 16 18 19 20 21 22 23 24 0 27 17 28 29 30 31 32 33 34 35 26 36 38 39 40 41 42 43 44 45 46 37 48 49 50 51 52 53 54 55 57 47 58 69 59 61 62 63 64 66 56 77 67 68 60 71 72 73 84 65 76 87 78 80 70 81 82 93 75 74 85 86 88 79 89 91 92 94 83 95 96 97 98 99 90 
1 12 2 3 5 6 7 8 9 10 11 13 23 4 15 16 17 18 19 20 21 22 33 14 25 26 27 28 29 30 31 32 43 24 35 36 37 38 39 40 41 42 34 44 45 46 47 48 49 50 51 52 53 54 55 56 57 58 59 60 61 62 63 64 65 66 67 68 69 70 71 72 73 75 84 76 77 78 79 80 81 92 82 74 0 85 86 87 88 89 91 93 94 83 95 96 97 98 99 90 
1 2 3 4 5 6 7 8 9 10 11 12 13 14 15 16 17 18 19 20 21 22 23 24 25 26 27 28 29 30 31 32 33 34 35 36 37 38 39 40 41 42 43 44 45 46 47 48 49 50 51 52 53 54 55 56 58 59 69 60 61 62 63 64 65 66 68 67 80 70 71 72 73 74 75 76 57 87 79 89 81 82 83 84 85 86 97 88 0 78 91 92 93 94 95 96 77 98 99 90 
1 2 3 4 5 6 7 8 9 10 11 12 13 14 15 16 17 18 19 20 21 22 23 24 25 26 27 28 29 30 31 32 33 34 35 36 37 38 39 40 41 42 43 44 45 46 47 48 59 49 51 52 53 54 55 56 57 58 69 50 61 62 63 64 65 66 67 0 68 79 71 72 73 74 75 76 77 78 70 60 81 82 83 84 85 86 87 88 89 80 91 92 93 94 95 96 97 98 99 90 
1 2 3 4 5 6 7 8 9 10 11 12 13 14 15 16 17 18 19 20 21 22 23 24 25 26 27 28 29 30 31 32 33 34 35 36 37 39 48 40 41 42 43 44 45 46 47 38 68 49 51 52 53 54 55 56 57 69 70 50 61 62 63 64 65 66 67 0 58 59 71 72 73 74 75 76 77 78 60 79 81 82 83 84 85 86 87 88 90 80 91 92 93 94 95 96 97 98 89 99 
1 2 3 4 5 6 7 8 9 10 11 12 13 14 15 16 17 18 19 20 21 22 23 24 25 26 27 28 29 30 31 32 33 34 35 36 37 38 39 40 41 42 43 44 45 46 47 48 49 50 51 52 53 54 55 56 67 57 59 60 61 62 63 64 65 66 78 58 70 0 71 72 73 74 75 76 68 89 69 80 81 82 83 84 85 86 77 88 87 99 91 92 93 94 95 96 97 98 90 79 
1 2 3 4 5 6 7 8 20 9 11 12 13 14 15 16 17 18 10 30 21 22 23 24 25 26 37 27 28 19 31 32 33 34 35 36 47 38 29 40 41 42 43 54 44 45 46 48 39 59 51 52 53 0 55 56 57 58 50 49 61 62 63 64 65 66 67 68 69 60 71 72 73 74 75 76 77 78 79 70 81 82 83 84 85 86 87 88 89 80 91 92 93 94 95 96 97 98 99 90 
1 2 3 4 5 6 7 8 9 10 11 12 13 14 15 16 17 18 19 20 21 22 23 24 25 26 27 28 29 30 31 32 33 34 35 36 37 48 38 40 41 42 43 44 45 46 47 58 39 59 51 52 53 54 55 56 57 50 78 49 61 62 63 64 65 66 67 69 80 60 71 72 73 74 75 86 76 77 99 70 91 82 83 84 95 85 87 68 88 89 92 81 0 93 94 96 97 98 90 79 
1 2 3 4 5 6 7 8 9 10 11 12 13 14 15 16 17 18 19 20 21 22 23 24 25 26 27 28 29 30 31 32 33 34 35 36 37 38 39 40 41 42 43 44 45 46 47 48 49 50 51 52 53 54 55 56 57 58 59 60 61 62 63 64 65 66 67 68 69 70 71 73 74 85 0 77 75 78 79 80 81 72 82 83 84 96 76 87 89 90 91 92 93 94 86 95 97 88 98 99 
1 2 3 4 5 6 7 8 9 10 11 12 13 14 15 16 17 18 19 20 21 22 23 24 25 26 27 28 29 30 31 32 33 34 35 36 37 38 39 40 41 42 43 44 45 46 47 48 49 50 51 52 53 54 55 56 57 58 59 60 61 62 63 74 64 65 67 68 69 70 71 73 82 84 75 66 77 88 78 79 92 72 93 83 85 76 87 98 89 80 81 91 0 94 95 86 96 97 99 90 
1 2 3 4 5 6 7 8 0 20 11 12 13 14 15 26 17 18 10 9 21 22 23 24 25 27 16 28 19 30 31 32 33 34 35 36 37 38 29 39 41 42 43 44 45 46 47 48 49 40 51 52 53 54 55 56 57 58 60 50 61 62 63 64 65 66 67 68 59 69 71 72 73 74 75 76 77 78 80 70 81 82 83 84 85 86 87 88 79 99 91 92 93 94 95 96 97 98 90 89 
1 2 3 4 5 6 7 8 9 10 11 12 13 14 15 16 17 18 19 20 21 22 23 24 25 26 27 28 29 30 31 32 33 34 35 36 37 38 39 40 41 0 42 43 44 46 47 48 49 50 51 52 53 54 45 55 56 58 59 60 61 62 63 64 65 76 57 67 70 80 71 72 73 74 75 77 66 68 78 69 81 82 83 84 95 86 87 88 79 89 91 92 93 94 96 85 97 98 99 90 
1 2 3 4 5 6 7 8 9 10 11 12 13 14 15 16 17 18 19 20 21 22 23 24 25 26 27 28 30 39 31 32 33 34 35 36 37 48 38 29 41 42 43 44 45 46 55 58 49 40 51 52 53 54 65 0 56 47 59 50 61 62 63 64 75 66 57 67 69 60 71 72 73 74 85 76 77 68 78 70 81 82 83 84 95 86 87 88 89 79 91 92 93 94 96 97 98 99 90 80 
1 2 3 4 5 6 7 8 9 10 11 12 13 14 15 16 17 18 19 20 21 22 23 24 25 26 27 28 29 30 31 32 33 34 35 36 37 38 39 40 41 42 43 44 45 46 47 48 49 50 51 52 53 54 55 56 57 58 59 60 61 62 63 64 65 76 0 77 67 70 71 72 73 74 75 86 66 79 69 80 81 82 83 84 85 87 68 78 88 89 91 92 93 94 95 96 97 98 99 90 
1 2 3 4 5 6 7 8 9 10 11 12 23 13 15 16 17 18 19 20 21 22 0 14 24 26 27 28 29 30 31 32 33 34 25 35 37 38 39 40 41 42 43 44 45 36 47 48 49 50 51 52 53 54 65 46 57 58 79 59 61 62 63 64 56 55 66 67 69 60 71 72 73 74 75 76 78 68 99 70 81 82 83 84 85 86 77 88 89 80 91 92 93 94 95 96 87 97 98 90 
1 2 3 4 5 6 7 8 9 10 11 12 13 14 15 16 17 18 19 20 21 22 23 24 25 26 27 28 29 30 31 32 33 34 35 36 37 38 39 40 41 42 43 44 45 46 57 47 49 50 51 52 53 54 55 66 56 48 59 60 61 62 63 64 65 67 58 0 69 70 71 72 73 74 76 86 77 68 79 80 81 82 83 85 75 87 88 78 89 90 91 92 93 84 94 95 96 97 98 99 
1 2 0 4 5 6 7 8 9 10 11 12 3 13 14 15 17 18 19 20 21 22 23 24 25 16 26 28 29 30 31 32 33 34 35 36 27 48 39 40 41 42 43 44 45 46 38 37 49 50 51 52 53 54 55 56 47 68 59 60 61 62 63 64 65 67 58 57 69 70 71 72 73 74 75 66 76 78 79 80 81 82 83 84 85 86 77 87 88 89 91 92 93 94 95 96 97 98 99 90 
1 2 3 4 5 6 7 8 9 10 11 12 13 14 15 16 17 18 19 20 21 22 23 24 25 26 27 28 39 29 31 32 33 34 35 36 37 38 49 30 41 42 43 44 45 46 47 48 40 50 51 52 53 54 55 56 0 57 78 60 61 62 63 64 65 66 68 59 58 70 71 72 73 74 75 76 67 69 77 80 81 82 83 84 85 86 87 88 79 89 91 92 93 94 95 96 97 98 99 90 
1 2 3 4 5 6 7 8 9 10 11 12 13 14 15 16 17 18 19 20 21 22 23 24 25 26 27 28 29 30 31 32 33 34 35 36 37 38 39 40 41 42 43 44 45 46 59 47 49 50 51 52 53 64 54 56 57 48 68 60 61 62 73 63 55 65 66 69 70 79 0 71 83 74 75 76 67 88 58 78 81 72 82 84 85 86 77 87 90 80 91 92 93 94 95 96 97 98 89 99 
1 2 3 4 5 6 0 18 8 10 11 12 13 14 15 16 7 17 9 20 21 22 23 24 25 26 27 28 19 29 31 32 33 34 35 36 37 38 39 30 41 42 43 44 45 46 47 48 50 40 51 52 53 54 55 56 57 58 49 60 61 62 63 64 75 67 68 69 59 70 71 72 73 74 85 65 76 77 79 80 81 83 92 84 86 66 87 78 88 90 91 82 93 94 95 96 97 98 89 99 
1 2 3 4 5 6 7 8 9 10 11 12 13 14 15 16 17 18 19 20 21 22 23 24 25 26 27 28 29 30 31 32 33 34 35 36 37 38 39 40 41 42 43 44 45 46 47 48 49 50 51 52 53 54 55 56 57 58 59 60 61 62 63 64 65 66 67 68 69 70 71 72 73 74 75 76 77 78 79 80 83 91 92 84 85 86 87 88 89 90 0 81 82 93 94 95 96 97 98 99 
1 2 3 4 5 6 7 8 9 10 11 12 13 14 15 16 17 18 19 20 21 22 23 24 25 26 27 28 29 30 31 32 34 35 45 36 37 38 39 40 41 43 33 44 0 46 47 48 49 50 51 42 53 54 55 68 66 57 59 60 61 52 73 63 64 65 56 58 70 80 71 62 83 74 75 76 67 77 79 69 81 72 82 84 85 86 87 78 89 90 91 92 93 94 95 96 97 88 98 99 
